1.000000000 0.000000000 0.000000000 0.000000000 0.000000000 1.000000000 0.000000000 0.000000000 0.000000000 0.000000000 1.000000000 0.000000000
0.999999762 0.000679506 0.000074968 -0.013655029 -0.000679566 0.999999464 0.000807218 0.004885638 -0.000074420 -0.000807269 0.999999642 1.316646814
0.999998569 -0.001573351 -0.000584460 -0.010674046 0.001574358 0.999997258 0.001726411 -0.038684983 0.000581742 -0.001727328 0.999998331 2.610864162
0.999995649 -0.002887351 -0.000633517 -0.015723752 0.002887733 0.999995589 0.000603621 -0.053937551 0.000631771 -0.000605448 0.999999583 3.929152250
0.999995649 -0.002944763 -0.000398070 -0.029334137 0.002945052 0.999995410 0.000728282 -0.072532132 0.000395924 -0.000729451 0.999999583 5.241663933
0.999993324 -0.003599901 -0.000601250 -0.025581647 0.003600942 0.999992013 0.001740846 -0.097896330 0.000594978 -0.001743000 0.999998331 6.582053185
0.999986887 -0.005124751 -0.000257429 -0.037461456 0.005125443 0.999983072 0.002760612 -0.114281893 0.000243277 -0.002761896 0.999996185 7.899242878
0.999989748 -0.004504910 -0.000357750 -0.042985056 0.004506069 0.999984324 0.003308401 -0.133151978 0.000342841 -0.003309980 0.999994516 9.246061325
0.999993086 -0.003659023 -0.000705743 -0.051830743 0.003660099 0.999992073 0.001530052 -0.153073475 0.000700139 -0.001532625 0.999998510 10.587465286
0.999998808 -0.001188040 -0.001075520 -0.056304727 0.001187465 0.999999166 -0.000534457 -0.175518557 0.001076154 0.000533179 0.999999285 11.926295280
0.999997258 0.002259566 -0.000714532 -0.070378400 -0.002260603 0.999996483 -0.001454495 -0.195308626 0.000711243 0.001456106 0.999998689 13.283002853
0.999989629 0.004517858 -0.000616130 -0.088292196 -0.004518728 0.999988794 -0.001419725 -0.224813461 0.000609709 0.001422495 0.999998808 14.617213249
0.999983370 0.005757368 -0.000375066 -0.099910729 -0.005757568 0.999983251 -0.000534941 -0.243811741 0.000371979 0.000537091 0.999999821 15.975006104
0.999994457 0.003346353 0.000135291 -0.108324192 -0.003346633 0.999992132 0.002119547 -0.264785886 -0.000128197 -0.002119988 0.999997735 17.341789246
0.999999940 -0.000573680 0.000251377 -0.112142138 0.000572682 0.999992013 0.003951451 -0.286280990 -0.000253641 -0.003951306 0.999992132 18.680887222
0.999996126 -0.002799218 -0.000064996 -0.114836916 0.002799315 0.999994874 0.001544182 -0.302749395 0.000060673 -0.001544357 0.999998808 20.035737991
0.999994159 -0.003406477 -0.000257277 -0.116220452 0.003406327 0.999993980 -0.000579390 -0.318925112 0.000259249 0.000578511 0.999999821 21.391714096
0.999998689 -0.001492980 0.000604792 -0.132699355 0.001494021 0.999997377 -0.001723600 -0.350244552 -0.000602217 0.001724501 0.999998331 22.729009628
0.999997437 0.001644874 0.001547959 -0.148567274 -0.001644704 0.999998748 -0.000111086 -0.363443732 -0.001548140 0.000108540 0.999998808 24.090574265
0.999995768 0.001718187 0.002309487 -0.164555848 -0.001726908 0.999991417 0.003779551 -0.385977715 -0.002302973 -0.003783523 0.999990165 25.459175110
0.999996126 -0.000696680 0.002683928 -0.161259994 0.000681217 0.999983191 0.005757920 -0.401841044 -0.002687894 -0.005756069 0.999979794 26.853960037
0.999987304 -0.004475955 0.002310194 -0.157424778 0.004467194 0.999982893 0.003783920 -0.415170252 -0.002327091 -0.003773551 0.999990225 28.228410721
0.999985695 -0.004820492 0.002322126 -0.165042073 0.004816551 0.999986947 0.001699830 -0.437338471 -0.002330290 -0.001688621 0.999995887 29.597711563
0.999982357 -0.004937355 0.003302912 -0.174986005 0.004940890 0.999987245 -0.001063060 -0.453244627 -0.003297621 0.001079361 0.999994040 30.970964432
0.999990225 -0.001785002 0.004045250 -0.182064340 0.001790846 0.999997377 -0.001441580 -0.483211219 -0.004042667 0.001448810 0.999990761 32.353191376
0.999990940 -0.000599403 0.004201504 -0.186361164 0.000615195 0.999992728 -0.003758620 -0.504896879 -0.004199221 0.003761171 0.999984026 33.730850220
0.999990225 0.000038900 0.004415394 -0.185749486 -0.000025626 0.999995470 -0.003006268 -0.531185150 -0.004415491 0.003006126 0.999985754 35.123680115
0.999990284 0.000024465 0.004404339 -0.194454700 -0.000017654 0.999998808 -0.001546454 -0.561139941 -0.004404371 0.001546361 0.999989092 36.504066467
0.999991238 0.001367840 0.003962877 -0.189669847 -0.001367067 0.999999166 -0.000197565 -0.582267046 -0.003963144 0.000192146 0.999992073 37.922676086
0.999981344 0.004279607 0.004375418 -0.208211854 -0.004280113 0.999990880 0.000106232 -0.604644895 -0.004374923 -0.000124958 0.999990463 39.313247681
0.999967635 0.006684033 0.004478382 -0.208339080 -0.006682458 0.999977529 -0.000366296 -0.626227021 -0.004480731 0.000336358 0.999989927 40.728000641
0.999953091 0.008728551 0.004203129 -0.210663840 -0.008730495 0.999961793 0.000444952 -0.652074158 -0.004199083 -0.000481627 0.999991119 42.125629425
0.999948978 0.009295701 0.003946660 -0.214753389 -0.009295942 0.999956787 0.000042756 -0.670663178 -0.003946092 -0.000079442 0.999992192 43.557350159
0.999952495 0.008957430 0.003832069 -0.224568963 -0.008956964 0.999959886 -0.000138537 -0.690937340 -0.003833156 0.000104207 0.999992669 44.954692841
0.999965250 0.007699598 0.003186291 -0.229417205 -0.007699137 0.999970317 -0.000157093 -0.722092271 -0.003187407 0.000132556 0.999994934 46.375698090
0.999972463 0.007068228 0.002266871 -0.231406361 -0.007068066 0.999975026 -0.000079093 -0.743728518 -0.002267375 0.000063068 0.999997437 47.791469574
0.999969959 0.007624339 0.001378321 -0.236511737 -0.007626124 0.999970078 0.001295598 -0.770566702 -0.001368402 -0.001306070 0.999998152 49.216716766
0.999966919 0.008133036 0.000051667 -0.244025439 -0.008133089 0.999966264 0.001133421 -0.793874323 -0.000042447 -0.001133803 0.999999344 50.621967316
0.999962986 0.008566351 -0.000826408 -0.260825068 -0.008565129 0.999962270 0.001469978 -0.811863422 0.000838969 -0.001462845 0.999998569 52.044616699
0.999963403 0.008301427 -0.002065487 -0.272224963 -0.008296349 0.999962509 0.002456328 -0.839528799 0.002085801 -0.002439103 0.999994874 53.464328766
0.999971509 0.007187046 -0.002323204 -0.287037522 -0.007178824 0.999967992 0.003528610 -0.858745933 0.002348489 -0.003511832 0.999991119 54.905227661
0.999982893 0.005045285 -0.002944293 -0.299671918 -0.005034762 0.999981046 0.003570344 -0.878385782 0.002962250 -0.003555459 0.999989271 56.317909241
0.999989331 0.002624301 -0.003810351 -0.305494845 -0.002612832 0.999992073 0.003011554 -0.897679329 0.003818223 -0.003001566 0.999988258 57.734893799
0.999992847 0.001818159 -0.003323419 -0.324511111 -0.001806713 0.999992430 0.003443948 -0.923292577 0.003329655 -0.003437918 0.999988556 59.149059296
0.999995232 0.000231431 -0.003069289 -0.330054611 -0.000218055 0.999990404 0.004357604 -0.943996787 0.003070268 -0.004356913 0.999985814 60.575836182
0.999997020 -0.000700450 -0.002323736 -0.345613241 0.000711828 0.999987721 0.004899193 -0.963069439 0.002320275 -0.004900833 0.999985218 62.000617981
0.999996364 -0.002194731 -0.001560316 -0.363166958 0.002202082 0.999986291 0.004725203 -0.986272097 0.001549924 -0.004728621 0.999987602 63.398216248
0.999991715 -0.003904196 -0.001081539 -0.367189497 0.003908373 0.999984741 0.003888267 -1.008914709 0.001066342 -0.003892462 0.999991834 64.799674988
0.999992728 -0.003774619 -0.000497978 -0.368329167 0.003776341 0.999986708 0.003504298 -1.030183196 0.000484744 -0.003506153 0.999993742 66.222320557
0.999997973 -0.001959176 0.000423459 -0.385564923 0.001957700 0.999992073 0.003457425 -1.050350547 -0.000430229 -0.003456589 0.999993920 67.608924866
0.999998450 0.001298560 0.001151395 -0.403289288 -0.001304257 0.999986827 0.004961265 -1.072347999 -0.001144937 -0.004962760 0.999987006 69.008857727
0.999990404 0.004032515 0.001705844 -0.402371645 -0.004042683 0.999973834 0.006000407 -1.089887261 -0.001681602 -0.006007246 0.999980569 70.418899536
0.999960899 0.008459748 0.002589058 -0.418718398 -0.008476797 0.999942064 0.006646280 -1.107512474 -0.002532682 -0.006667968 0.999974608 71.812751770
0.999906957 0.013249666 0.003234062 -0.429828316 -0.013268652 0.999894381 0.005921429 -1.124957800 -0.003155265 -0.005963789 0.999977231 73.210525513
0.999861717 0.016157826 0.003939707 -0.443176121 -0.016179226 0.999854147 0.005461017 -1.144190550 -0.003850895 -0.005524004 0.999977350 74.603225708
0.999828577 0.017907081 0.004695527 -0.450107336 -0.017932201 0.999824822 0.005362901 -1.162568808 -0.004598669 -0.005446183 0.999974608 75.991104126
0.999826789 0.017943101 0.004927520 -0.449816436 -0.017970767 0.999822557 0.005628970 -1.179176450 -0.004825644 -0.005716547 0.999972045 77.395881653
0.999830008 0.017659083 0.005284224 -0.458674431 -0.017686550 0.999830008 0.005197501 -1.198477149 -0.005191544 -0.005290077 0.999972582 78.766273499
0.999861419 0.015828412 0.005141174 -0.459768772 -0.015851628 0.999864221 0.004507366 -1.224419475 -0.005069132 -0.004588238 0.999976635 80.155426025
0.999866903 0.015703596 0.004398394 -0.460083067 -0.015724165 0.999865413 0.004681749 -1.245317459 -0.004324281 -0.004750288 0.999979436 81.524490356
0.999873698 0.015214037 0.004580270 -0.461771190 -0.015235002 0.999873459 0.004577843 -1.267398715 -0.004510044 -0.004647046 0.999978960 82.913650513
0.999887109 0.014512287 0.003897410 -0.460900038 -0.014528728 0.999885559 0.004223375 -1.284713984 -0.003835673 -0.004279523 0.999983430 84.289871216
0.999885321 0.014756832 0.003395346 -0.475849956 -0.014772200 0.999880552 0.004545702 -1.297505498 -0.003327861 -0.004595337 0.999983907 85.665962219
0.999889970 0.014648868 0.002342421 -0.474881053 -0.014661111 0.999878407 0.005298975 -1.321429729 -0.002264513 -0.005332734 0.999983191 87.035072327
0.999925077 0.012202973 0.001016426 -0.477348149 -0.012209214 0.999905050 0.006379548 -1.340362787 -0.000938480 -0.006391480 0.999979079 88.426254272
0.999949455 0.010051139 -0.000215553 -0.472803712 -0.010049426 0.999925971 0.006849130 -1.359587431 0.000284379 -0.006846618 0.999976516 89.788230896
0.999966145 0.008202957 -0.000674649 -0.484106719 -0.008198077 0.999942303 0.006943934 -1.377364039 0.000731571 -0.006938168 0.999975681 91.148902893
0.999978781 0.006367374 -0.001357382 -0.489692628 -0.006357973 0.999956489 0.006820720 -1.405781746 0.001400753 -0.006811946 0.999975801 92.507522583
0.999983728 0.005454614 -0.001678500 -0.499188304 -0.005443950 0.999965370 0.006293638 -1.419214487 0.001712772 -0.006284397 0.999978781 93.848312378
0.999982715 0.005667882 -0.001513671 -0.511490941 -0.005658898 0.999966741 0.005874541 -1.440211296 0.001546917 -0.005865874 0.999981523 95.191314697
0.999982178 0.005817629 -0.001322842 -0.526036322 -0.005810206 0.999967754 0.005546587 -1.461392045 0.001355067 -0.005538801 0.999983728 96.537849426
0.999978483 0.006486919 -0.000932860 -0.539408147 -0.006482595 0.999968529 0.004565098 -1.474712253 0.000962444 -0.004558951 0.999989152 97.894676208
0.999969840 0.007752569 -0.000547621 -0.559316993 -0.007749864 0.999958515 0.004781747 -1.492968321 0.000584669 -0.004777358 0.999988377 99.232322693
0.999965131 0.008347211 -0.000326564 -0.559250295 -0.008345010 0.999945700 0.006244998 -1.510432005 0.000378675 -0.006242055 0.999980450 100.576782227
0.999955475 0.009433731 -0.000101576 -0.582947910 -0.009432641 0.999924660 0.007858945 -1.528318644 0.000175708 -0.007857637 0.999969125 101.905227661
0.999957919 0.009171906 -0.000046957 -0.576424062 -0.009171449 0.999939322 0.006097725 -1.550882936 0.000102882 -0.006097037 0.999981403 103.270339966
0.999959469 0.009001001 0.000161745 -0.590592802 -0.009001527 0.999952972 0.003611700 -1.564036250 -0.000129228 -0.003613011 0.999993443 104.594924927
0.999964416 0.008437784 -0.000038355 -0.593396664 -0.008437658 0.999961078 0.002573417 -1.588733792 0.000060067 -0.002573001 0.999996662 105.932846069
0.999980092 0.006313040 -0.000126268 -0.599392056 -0.006312475 0.999971747 0.004072073 -1.609422922 0.000151972 -0.004071194 0.999991655 107.257263184
0.999989927 0.004407503 0.000814730 -0.612350941 -0.004411951 0.999974906 0.005538968 -1.620080471 -0.000790296 -0.005542508 0.999984264 108.592414856
0.999996006 0.002428116 0.001420652 -0.612269342 -0.002436996 0.999977291 0.006283013 -1.642082214 -0.001405364 -0.006286451 0.999979258 109.929306030
0.999994338 0.002199228 0.002548982 -0.621494830 -0.002210973 0.999986827 0.004614037 -1.653131485 -0.002538802 -0.004619646 0.999986112 111.266914368
0.999984622 0.004439441 0.003336275 -0.632395267 -0.004447702 0.999986947 0.002472780 -1.671775937 -0.003325254 -0.002487580 0.999991417 112.587219238
0.999967217 0.006701212 0.004546173 -0.636741638 -0.006702377 0.999977648 0.000241084 -1.692141056 -0.004544455 -0.000271546 0.999989629 113.913200378
0.999936163 0.009659042 0.005861708 -0.643434286 -0.009660484 0.999953330 0.000217456 -1.711692333 -0.005859334 -0.000274069 0.999982774 115.228965759
0.999913752 0.010833357 0.007415651 -0.641014218 -0.010849730 0.999938786 0.002170976 -1.734179258 -0.007391679 -0.002251246 0.999970138 116.572074890
0.999901414 0.011176181 0.008503489 -0.637225032 -0.011215561 0.999926507 0.004597443 -1.752643943 -0.008451482 -0.004692360 0.999953270 117.902450562
0.999900997 0.010689600 0.009147150 -0.633916736 -0.010733175 0.999931157 0.004728096 -1.767672539 -0.009095980 -0.004825806 0.999946952 119.232040405
0.999885499 0.011222212 0.010151757 -0.628652334 -0.011265768 0.999927580 0.004243617 -1.784527779 -0.010103399 -0.004357499 0.999939442 120.568603516
0.999850094 0.013015692 0.011415521 -0.621330380 -0.013060237 0.999907374 0.003836250 -1.805104256 -0.011364533 -0.003984765 0.999927461 121.903800964
0.999808252 0.014865574 0.012743133 -0.614316583 -0.014913420 0.999882102 0.003667869 -1.824093342 -0.012687106 -0.003857209 0.999912143 123.237594604
0.999779761 0.015864098 0.013746374 -0.606351256 -0.015896130 0.999871194 0.002223885 -1.837037325 -0.013709326 -0.002441909 0.999902964 124.567131042
0.999743104 0.017048554 0.014935243 -0.601424932 -0.017070819 0.999853313 0.001364389 -1.854475856 -0.014909795 -0.001618995 0.999887466 125.923301697
0.999752402 0.015802901 0.015666295 -0.587006330 -0.015823873 0.999874055 0.001215493 -1.872922421 -0.015645117 -0.001463094 0.999876499 127.264114380
0.999731302 0.015341771 0.017380482 -0.574665070 -0.015383578 0.999879062 0.002274180 -1.890153527 -0.017343495 -0.002540943 0.999846339 128.614364624
0.999760509 0.013641793 0.017109806 -0.556820631 -0.013699881 0.999900758 0.003282326 -1.910560369 -0.017063331 -0.003515943 0.999848187 129.923675537
0.999740064 0.013294370 0.018522842 -0.548202038 -0.013365606 0.999903679 0.003727210 -1.928141832 -0.018471505 -0.003973810 0.999821484 131.285934448
0.999784470 0.010872680 0.017682211 -0.514095068 -0.010941053 0.999933004 0.003774625 -1.947593212 -0.017639989 -0.003967273 0.999836504 132.628128052
0.999802828 0.009177952 0.017608123 -0.520495415 -0.009256558 0.999947488 0.004387872 -1.962385893 -0.017566929 -0.004549996 0.999835253 133.956069946
0.999822021 0.007731092 0.017206568 -0.505693913 -0.007800350 0.999961793 0.003961739 -1.978162766 -0.017175281 -0.004095251 0.999844015 135.305877686
0.999856889 0.006944451 0.015421420 -0.487196445 -0.007000230 0.999969184 0.003566129 -1.991004586 -0.015396181 -0.003673572 0.999874711 136.633697510
0.999880195 0.005036202 0.014634864 -0.473401785 -0.005103908 0.999976456 0.004592707 -2.006095886 -0.014611389 -0.004666852 0.999882340 138.009994507
0.999903560 0.003619448 0.013406181 -0.458767056 -0.003683836 0.999981821 0.004781340 -2.025083303 -0.013388631 -0.004830265 0.999898672 139.351181030
0.999919236 0.003526805 0.012208371 -0.447823882 -0.003582735 0.999983191 0.004562480 -2.037757158 -0.012192075 -0.004605851 0.999915063 140.703689575
0.999936998 0.002893830 0.010849096 -0.437935948 -0.002937327 0.999987721 0.003995456 -2.056333065 -0.010837400 -0.004027071 0.999933183 142.048156738
0.999944508 0.003196994 0.010036052 -0.437451124 -0.003233109 0.999988377 0.003584424 -2.074312210 -0.010024476 -0.003616673 0.999943197 143.380096436
0.999957860 0.000587536 0.009156481 -0.436208725 -0.000597898 0.999999225 0.001129101 -2.091910124 -0.009155811 -0.001134528 0.999957442 144.716156006
0.999955475 -0.004861332 0.008090991 -0.419290066 0.004855554 0.999987960 0.000733643 -2.112544537 -0.008094457 -0.000694324 0.999966979 146.088943481
0.999901652 -0.011955683 0.007335944 -0.415308356 0.011932917 0.999923885 0.003139451 -2.131032228 -0.007372917 -0.003051602 0.999968171 147.431884766
0.999801755 -0.019062143 0.005760385 -0.403297007 0.019035164 0.999807835 0.004702367 -2.153579473 -0.005848913 -0.004591784 0.999972343 148.776367188
0.999746859 -0.022072172 0.004362903 -0.383763909 0.022067023 0.999755859 0.001225086 -2.169028282 -0.004388877 -0.001128500 0.999989748 150.136001587
0.999747217 -0.021869222 0.005215865 -0.382524610 0.021881193 0.999758065 -0.002249467 -2.186636925 -0.005165409 0.002363028 0.999983907 151.486587524
0.999819815 -0.018127238 0.005626883 -0.382304549 0.018150633 0.999826670 -0.004134966 -2.217094421 -0.005550952 0.004236353 0.999975562 152.833709717
0.999804378 -0.018518211 0.006955252 -0.395951748 0.018545562 0.999820411 -0.003888408 -2.248715162 -0.006881997 0.004016637 0.999968231 154.154251099
0.999745786 -0.021414103 0.007049671 -0.373149276 0.021419449 0.999770343 -0.000684034 -2.269951105 -0.007033405 0.000834860 0.999974906 155.535583496
0.999608099 -0.026966531 0.007504581 -0.356815219 0.026950669 0.999634326 0.002206215 -2.294114113 -0.007561331 -0.002003098 0.999969363 156.900024414
0.999516249 -0.030151559 0.007628448 -0.349781156 0.030125940 0.999540091 0.003451105 -2.312682390 -0.007728996 -0.003219621 0.999964952 158.248458862
0.999479711 -0.031321626 0.007706541 -0.342226505 0.031300142 0.999505758 0.002892844 -2.324706554 -0.007793341 -0.002650123 0.999966145 159.591796875
0.999514163 -0.029863341 0.008921524 -0.343964815 0.029826656 0.999546170 0.004216797 -2.353794813 -0.009043402 -0.003948649 0.999951303 160.940322876
0.999617040 -0.025806762 0.009988198 -0.344227433 0.025777554 0.999662995 0.003042130 -2.369420528 -0.010063339 -0.002783494 0.999945462 162.287139893
0.999701440 -0.022024604 0.010583199 -0.329719067 0.022015234 0.999757111 0.001000909 -2.390467882 -0.010602675 -0.000767619 0.999943495 163.659378052
0.999758959 -0.018647034 0.011595218 -0.325005889 0.018648269 0.999826133 0.000001462 -2.406017065 -0.011593229 0.000214769 0.999932706 165.015167236
0.999784350 -0.017051505 0.011853850 -0.321023345 0.017035553 0.999853790 0.001445217 -2.429590225 -0.011876762 -0.001242968 0.999928653 166.355682373
0.999821067 -0.015340669 0.011064963 -0.301795363 0.015330393 0.999881923 0.001012881 -2.453682423 -0.011079196 -0.000843070 0.999938190 167.722915649
0.999851465 -0.013274033 0.010986458 -0.305447221 0.013291107 0.999910533 -0.001482321 -2.470862389 -0.010965800 0.001628123 0.999938548 169.069580078
0.999896944 -0.009964046 0.010330077 -0.300079584 0.010008987 0.999940634 -0.004308064 -2.493550301 -0.010286539 0.004411014 0.999937356 170.420043945
0.999938071 -0.003981232 0.010390303 -0.306920886 0.004038006 0.999976993 -0.005448846 -2.524428606 -0.010368370 0.005490465 0.999931157 171.745681763
0.999943078 0.000460619 0.010653230 -0.309412241 -0.000414079 0.999990344 -0.004370381 -2.549242020 -0.010655142 0.004365721 0.999933660 173.106063843
0.999927938 0.003652547 0.011447174 -0.317250490 -0.003622732 0.999989986 -0.002624305 -2.573665142 -0.011456646 0.002582645 0.999931037 174.452880859
0.999924660 0.004628955 0.011367143 -0.312169790 -0.004623928 0.999989212 -0.000468571 -2.597243071 -0.011369187 0.000415975 0.999935269 175.823425293
0.999946892 0.001129434 0.010239825 -0.301333666 -0.001136718 0.999999106 0.000705599 -2.621043921 -0.010239016 -0.000717201 0.999947309 177.196319580
0.999961376 -0.000387794 0.008782583 -0.300641656 0.000383913 0.999999762 0.000443588 -2.637966871 -0.008782755 -0.000440199 0.999961257 178.557525635
0.999974370 -0.000588398 0.007124552 -0.299812317 0.000615559 0.999992490 -0.003810826 -2.661176682 -0.007122255 0.003815115 0.999967337 179.953613281
0.999986589 0.000218212 0.005170039 -0.294076681 -0.000178502 0.999970496 -0.007680065 -2.694875717 -0.005171563 0.007679039 0.999957144 181.347503662
0.999974012 0.005531761 0.004628614 -0.306311250 -0.005492023 0.999948263 -0.008554405 -2.720919371 -0.004675695 0.008528762 0.999952614 182.746719360
0.999946773 0.009294701 0.004480364 -0.315257668 -0.009259372 0.999926388 -0.007842849 -2.750858545 -0.004552932 0.007800946 0.999959230 184.137481689
0.999925733 0.011082559 0.005075373 -0.329972267 -0.011061451 0.999930143 -0.004168054 -2.783793449 -0.005121211 0.004111602 0.999978423 185.525360107
0.999915540 0.011869538 0.005292275 -0.332783759 -0.011858625 0.999927521 -0.002088631 -2.811936617 -0.005316682 0.002025696 0.999983788 186.917175293
0.999918938 0.011559472 0.005338446 -0.330880523 -0.011552316 0.999932349 -0.001369539 -2.830559969 -0.005353915 0.001307757 0.999984801 188.328491211
0.999937296 0.009848263 0.005331281 -0.331919193 -0.009843337 0.999951124 -0.000949815 -2.852893591 -0.005340375 0.000897277 0.999985337 189.758758545
0.999956906 0.007375340 0.005642927 -0.331736803 -0.007373417 0.999972761 -0.000361643 -2.876694918 -0.005645441 0.000320020 0.999984026 191.206390381
0.999975622 0.004194867 0.005580565 -0.317096114 -0.004193196 0.999991179 -0.000311055 -2.899905682 -0.005581821 0.000287647 0.999984324 192.629135132
0.999980271 0.000766595 0.006243733 -0.318828940 -0.000771311 0.999999464 0.000752809 -2.922409296 -0.006243152 -0.000757610 0.999980211 194.046936035
0.999973595 -0.003655149 0.006277152 -0.305351377 0.003640614 0.999990582 0.002325493 -2.945544004 -0.006285592 -0.002302579 0.999977589 195.505035400
0.999962807 -0.006278794 0.005913747 -0.286466956 0.006265714 0.999977946 0.002228017 -2.964127302 -0.005927605 -0.002190881 0.999980092 196.937026978
0.999966919 -0.003896803 0.007142789 -0.301045418 0.003912927 0.999989808 -0.002244760 -2.989235640 -0.007133969 0.002272635 0.999971926 198.379806519
0.999967098 0.003265162 0.007426294 -0.303040385 -0.003209801 0.999967098 -0.007454430 -3.011499643 -0.007450389 0.007430348 0.999944687 199.807556152
0.999883711 0.012487389 0.008765395 -0.322028279 -0.012421268 0.999894202 -0.007557903 -3.042853832 -0.008858849 0.007448146 0.999933004 201.242279053
0.999752462 0.019983118 0.009783125 -0.333613515 -0.019947033 0.999793768 -0.003772483 -3.072136641 -0.009856495 0.003576404 0.999945045 202.673400879
0.999736547 0.020268360 0.010771311 -0.329093456 -0.020256717 0.999794126 -0.001189025 -3.106417418 -0.010793194 0.000970521 0.999941230 204.104049683
0.999776363 0.018453723 0.010322091 -0.321971178 -0.018444959 0.999829471 -0.000943570 -3.126351357 -0.010337743 0.000752968 0.999946237 205.536605835
0.999853492 0.014647795 0.008849025 -0.305044770 -0.014641006 0.999892414 -0.000831059 -3.154022932 -0.008860245 0.000701379 0.999960482 206.990554810
0.999882042 0.013110339 0.008002833 -0.301706672 -0.013100971 0.999913454 -0.001221414 -3.176367283 -0.008018153 0.001116425 0.999967217 208.442092896
0.999885082 0.013347482 0.007175865 -0.283243895 -0.013334730 0.999909461 -0.001821937 -3.203609943 -0.007199533 0.001726039 0.999972641 209.922546387
0.999862731 0.014828633 0.007388913 -0.297403455 -0.014815715 0.999888599 -0.001799387 -3.228847742 -0.007414773 0.001689668 0.999971092 211.346221924
0.999851763 0.015560547 0.007366645 -0.293842912 -0.015555993 0.999878705 -0.000674997 -3.259541750 -0.007376255 0.000560301 0.999972641 212.800170898
0.999857783 0.015366935 0.006949806 -0.295394301 -0.015357660 0.999881029 -0.001385851 -3.280537367 -0.006970276 0.001278921 0.999974906 214.251998901
0.999863505 0.015192966 0.006494681 -0.287532806 -0.015176877 0.999881566 -0.002519606 -3.308811665 -0.006532193 0.002420693 0.999975741 215.730255127
0.999877453 0.014390807 0.006162350 -0.290653944 -0.014373129 0.999892473 -0.002903694 -3.330522060 -0.006203474 0.002814766 0.999976814 217.183486938
0.999873161 0.014764642 0.005959037 -0.295109510 -0.014746977 0.999886692 -0.002997275 -3.357623339 -0.006002616 0.002909017 0.999977767 218.653244019
0.999871254 0.014953885 0.005823688 -0.297051072 -0.014936302 0.999883771 -0.003050807 -3.386800528 -0.005868633 0.002963430 0.999978364 220.132797241
0.999868870 0.015119675 0.005812542 -0.304371834 -0.015101488 0.999880910 -0.003160065 -3.416093111 -0.005859629 0.003071873 0.999978065 221.609756470
0.999860287 0.015847784 0.005316206 -0.302108288 -0.015829967 0.999868929 -0.003377313 -3.446346760 -0.005369032 0.003292685 0.999980152 223.084503174
0.999854565 0.016161852 0.005434989 -0.307706356 -0.016143071 0.999863625 -0.003481503 -3.474764109 -0.005490514 0.003393260 0.999979138 224.543151855
0.999854088 0.016324991 0.005058322 -0.311130047 -0.016306562 0.999860346 -0.003663166 -3.498896122 -0.005117417 0.003580148 0.999980509 226.054244995
0.999870420 0.015345316 0.004894424 -0.311362147 -0.015326057 0.999874711 -0.003948321 -3.524273396 -0.004954400 0.003872796 0.999980271 227.551132202
0.999888957 0.014028975 0.005028185 -0.311868906 -0.014009894 0.999894559 -0.003809914 -3.560705423 -0.005081105 0.003739046 0.999980092 229.043792725
0.999900758 0.013026352 0.005368609 -0.317606926 -0.013007270 0.999908984 -0.003573940 -3.590946674 -0.005414675 0.003503754 0.999979138 230.540679932
0.999919593 0.011467284 0.005412680 -0.313709736 -0.011451392 0.999930024 -0.002957799 -3.616298914 -0.005446219 0.002895579 0.999980927 232.052780151
0.999912858 0.011952648 0.005599329 -0.316418171 -0.011937330 0.999924958 -0.002761163 -3.644256115 -0.005631912 0.002694082 0.999980509 233.557632446
0.999911427 0.012101482 0.005531755 -0.318060637 -0.012084637 0.999922276 -0.003068259 -3.678601265 -0.005568456 0.003001138 0.999979973 235.072906494
0.999896109 0.013138822 0.005939556 -0.319255948 -0.013117712 0.999907553 -0.003579392 -3.707800150 -0.005986035 0.003501107 0.999975979 236.585342407
0.999887109 0.013676461 0.006218418 -0.315014720 -0.013658778 0.999902487 -0.002877342 -3.739180088 -0.006257166 0.002792081 0.999976516 238.065536499
0.999872029 0.014470029 0.006822632 -0.315346122 -0.014464527 0.999894917 -0.000855518 -3.763799191 -0.006834296 0.000756721 0.999976397 239.580017090
0.999875069 0.013848269 0.007618902 -0.314632297 -0.013845588 0.999903977 -0.000404602 -3.790792704 -0.007623774 0.000299063 0.999970913 241.087417603
0.999870300 0.013900218 0.008135191 -0.311144471 -0.013886530 0.999902010 -0.001736392 -3.820477724 -0.008158531 0.001623197 0.999965370 242.605651855
0.999861419 0.014253632 0.008600525 -0.309487820 -0.014228451 0.999894321 -0.002982286 -3.853038788 -0.008642126 0.002859500 0.999958575 244.113861084
0.999855757 0.014349038 0.009089541 -0.300678015 -0.014330307 0.999894977 -0.002122761 -3.884265423 -0.009119048 0.001992199 0.999956429 245.621353149
0.999859333 0.014439625 0.008530311 -0.289779663 -0.014428142 0.999894857 -0.001406244 -3.911148310 -0.008549721 0.001282969 0.999962628 247.162017822
0.999855995 0.014722971 0.008436786 -0.287917614 -0.014714877 0.999891102 -0.001020898 -3.940107346 -0.008450898 0.000896605 0.999963880 248.683746338
0.999860585 0.014672823 0.007965085 -0.276137471 -0.014667368 0.999892175 -0.000742981 -3.968675137 -0.007975128 0.000626051 0.999967992 250.218704224
0.999832511 0.016266506 0.008383757 -0.278821468 -0.016262366 0.999867618 -0.000562027 -3.995579958 -0.008391790 0.000425593 0.999964714 251.731124878
0.999808252 0.017654764 0.008464300 -0.274546623 -0.017649734 0.999844015 -0.000668676 -4.020617008 -0.008474784 0.000519155 0.999963999 253.292510986
0.999802232 0.017865181 0.008735382 -0.276238918 -0.017863145 0.999840498 -0.000310721 -4.052333355 -0.008739537 0.000154619 0.999961793 254.793655396
0.999825060 0.016379360 0.009036337 -0.278336048 -0.016379047 0.999865890 -0.000108543 -4.077816010 -0.009036902 -0.000039482 0.999959171 256.341827393
0.999860108 0.014281961 0.008708509 -0.266016960 -0.014287702 0.999897778 0.000597428 -4.097051620 -0.008699085 -0.000721769 0.999961913 257.884613037
0.999885678 0.012289660 0.008811259 -0.263248444 -0.012300355 0.999923646 0.001160835 -4.120470524 -0.008796318 -0.001269084 0.999960482 259.405426025
0.999901474 0.010918533 0.008829691 -0.257568598 -0.010923072 0.999940217 0.000466077 -4.143242836 -0.008824074 -0.000562479 0.999960899 260.939361572
0.999913335 0.009978803 0.008599147 -0.252901554 -0.009974032 0.999950051 -0.000597383 -4.173748016 -0.008604678 0.000511563 0.999962866 262.484466553
0.999927461 0.007911786 0.009077724 -0.242249489 -0.007924099 0.999967694 0.001321009 -4.196484566 -0.009066980 -0.001392845 0.999957919 263.993347168
0.999938786 0.005806497 0.009414640 -0.233263254 -0.005838309 0.999977291 0.003355004 -4.223670006 -0.009394947 -0.003409764 0.999950051 265.538269043
0.999941587 0.005346684 0.009389133 -0.222780943 -0.005367726 0.999983251 0.002217352 -4.240498066 -0.009377117 -0.002267621 0.999953389 267.104919434
0.999934733 0.005081350 0.010235067 -0.214789152 -0.005093935 0.999986351 0.001203835 -4.261992931 -0.010228810 -0.001255894 0.999946833 268.659759521
0.999924064 0.005890427 0.010826207 -0.205222845 -0.005903034 0.999981940 0.001132783 -4.291911602 -0.010819338 -0.001196604 0.999940753 270.178741455
0.999904156 0.007324019 0.011750109 -0.197636843 -0.007337731 0.999972403 0.001124205 -4.316856861 -0.011741552 -0.001210316 0.999930322 271.707824707
0.999874949 0.009351050 0.012750992 -0.196912050 -0.009360755 0.999955952 0.000701491 -4.338991165 -0.012743872 -0.000820762 0.999918401 273.248077393
0.999848604 0.010451856 0.013912516 -0.187973738 -0.010463646 0.999944925 0.000774976 -4.369604111 -0.013903650 -0.000920434 0.999902904 274.774627686
0.999830186 0.011208762 0.014628499 -0.166033268 -0.011213122 0.999937117 0.000216067 -4.389812946 -0.014625156 -0.000380061 0.999892950 276.338714600
0.999821782 0.011470738 0.014997621 -0.150290489 -0.011459512 0.999934018 -0.000834158 -4.412576199 -0.015006199 0.000662144 0.999887109 277.892456055
0.999816895 0.010415477 0.016047617 -0.136778355 -0.010400235 0.999945343 -0.001032929 -4.437851429 -0.016057502 0.000865841 0.999870658 279.448089600
0.999786437 0.011857220 0.016926412 -0.116328716 -0.011844161 0.999929428 -0.000871643 -4.498170376 -0.016935553 0.000670977 0.999856293 281.039001465
0.999813497 0.008545443 0.017325079 -0.091964245 -0.008552113 0.999963403 0.000310839 -4.492043972 -0.017321795 -0.000458947 0.999849856 282.542694092
0.999809504 0.007451508 0.018042678 -0.082390785 -0.007459573 0.999972165 0.000379768 -4.511803627 -0.018039344 -0.000514286 0.999837160 284.086181641
0.999830365 0.006744490 0.017138988 -0.035748005 -0.006717844 0.999976158 -0.001611756 -4.551715851 -0.017149454 0.001496346 0.999851823 285.638488770
0.999841809 0.005472833 0.016922709 -0.011481285 -0.005397982 0.999975502 -0.004465605 -4.570946693 -0.016946735 0.004373549 0.999846816 287.214111328
0.999854028 0.005377831 0.016216855 0.006774426 -0.005315060 0.999978244 -0.003911323 -4.606450081 -0.016237536 0.003824558 0.999860823 288.755493164
0.999878168 0.003766636 0.015143582 0.027990818 -0.003707636 0.999985456 -0.003922328 -4.633476257 -0.015158135 0.003865704 0.999877572 290.309722900
0.999890566 0.003619884 0.014341622 0.034028053 -0.003554859 0.999983311 -0.004556840 -4.659186840 -0.014357877 0.004505359 0.999886692 291.850067139
0.999903262 0.004076581 0.013288693 0.064978838 -0.004009936 0.999979258 -0.005037976 -4.693931580 -0.013308955 0.004984204 0.999899030 293.444610596
0.999918878 0.003715724 0.012183295 0.085499525 -0.003662694 0.999983668 -0.004372173 -4.729384899 -0.012199342 0.004327194 0.999916196 295.006530762
0.999933898 0.003139799 0.011055117 0.098797321 -0.003093194 0.999986291 -0.004230237 -4.760857105 -0.011068244 0.004195760 0.999929965 296.576019287
0.999945581 0.002983129 0.009999549 0.110553265 -0.002955264 0.999991715 -0.002800280 -4.792848110 -0.010007819 0.002770576 0.999946058 298.146728516
0.999950349 0.004013819 0.009111549 0.121464252 -0.003999070 0.999990642 -0.001636286 -4.817266464 -0.009118034 0.001599767 0.999957085 299.725524902
0.999942660 0.004315852 0.009794931 0.131838083 -0.004300909 0.999989510 -0.001546031 -4.846028328 -0.009801500 0.001503815 0.999950826 301.301910400
0.999933302 0.004666416 0.010562581 0.142459869 -0.004648820 0.999987721 -0.001689794 -4.873157024 -0.010570337 0.001640577 0.999942780 302.898681641
0.999932468 0.003541387 0.011066613 0.150257826 -0.003519434 0.999991715 -0.002002517 -4.895612717 -0.011073614 0.001963433 0.999936759 304.487915039
0.999936283 0.001961812 0.011116900 0.167163610 -0.001929311 0.999993861 -0.002933506 -4.927534103 -0.011122587 0.002911871 0.999933898 306.073822021
0.999935746 0.000275326 0.011331595 0.186831474 -0.000219492 0.999987960 -0.004928280 -4.956958771 -0.011332814 0.004925477 0.999923587 307.679504395
0.999937177 -0.000102360 0.011210859 0.196778059 0.000166643 0.999983490 -0.005733211 -4.992585182 -0.011210087 0.005734718 0.999920726 309.275146484
0.999960184 0.000599858 0.008910509 0.202258348 -0.000539885 0.999977171 -0.006731501 -5.027741432 -0.008914344 0.006726422 0.999937654 310.882965088
0.999974668 0.001796052 0.006885849 0.211220145 -0.001753451 0.999979258 -0.006187675 -5.055468082 -0.006896820 0.006175445 0.999957144 312.492156982
0.999974310 0.002709298 0.006635210 0.210535884 -0.002690117 0.999992073 -0.002898043 -5.088282108 -0.006643009 0.002880119 0.999973774 314.114532471
0.999973655 0.001441654 0.007111323 0.221027374 -0.001443396 0.999998927 0.000239876 -5.120091915 -0.007110970 -0.000250134 0.999974668 315.734161377
0.999974906 0.000167693 0.007090022 0.228697777 -0.000174298 0.999999583 0.000931046 -5.142404556 -0.007089864 -0.000932259 0.999974430 317.364746094
0.999973297 -0.000514323 0.007293543 0.234627247 0.000516495 0.999999821 -0.000295978 -5.170432091 -0.007293390 0.000299737 0.999973297 318.978790283
0.999965370 -0.002801357 0.007843307 0.235432148 0.002804063 0.999996066 -0.000333947 -5.193694592 -0.007842341 0.000355928 0.999969184 320.583190918
0.999965668 -0.001848009 0.008072403 0.232613087 0.001848910 0.999998271 -0.000104131 -5.218955040 -0.008072198 0.000119053 0.999967337 322.202453613
0.999960661 -0.001496263 0.008735225 0.238846779 0.001497894 0.999998868 -0.000180094 -5.248169422 -0.008734943 0.000193171 0.999961793 323.819427490
0.999965131 -0.000448465 0.008334097 0.251616478 0.000457108 0.999999344 -0.001035181 -5.277225971 -0.008333627 0.001038954 0.999964714 325.434753418
0.999949634 0.000860457 0.010000781 0.245237112 -0.000844090 0.999998271 -0.001640651 -5.309059620 -0.010002175 0.001632127 0.999948621 327.052276611
0.999948919 -0.001082338 0.010053815 0.265829086 0.001077971 0.999999285 0.000439750 -5.339787960 -0.010054286 -0.000428890 0.999949276 328.690155029
0.999939740 -0.002121396 0.010765547 0.264750719 0.002106952 0.999996781 0.001352859 -5.363135338 -0.010768383 -0.001330095 0.999941111 330.294036865
0.999938786 -0.003207222 0.010585099 0.280087709 0.003208872 0.999994814 -0.000138825 -5.385996342 -0.010584600 0.000172783 0.999943972 331.917816162
0.999946475 -0.001572172 0.010217845 0.298752785 0.001570503 0.999998748 0.000171405 -5.413419247 -0.010218103 -0.000155349 0.999947786 333.544647217
0.999945402 0.000062361 0.010451407 0.285041094 -0.000041848 0.999998093 -0.001962903 -5.446734428 -0.010451510 0.001962358 0.999943435 335.130462646
0.999950528 0.001894496 0.009765503 0.292602062 -0.001846624 0.999986231 -0.004908877 -5.476918697 -0.009774667 0.004890600 0.999940217 336.740417480
0.999954820 0.002898152 0.009052380 0.294184685 -0.002859610 0.999986827 -0.004267740 -5.513879776 -0.009064630 0.004241661 0.999949932 338.340667725
0.999959528 0.003862808 0.008126735 0.302349091 -0.003855005 0.999992073 -0.000975485 -5.543842316 -0.008130439 0.000944117 0.999966502 339.951049805
0.999966621 0.004844908 0.006578662 0.309589744 -0.004857523 0.999986351 0.001902961 -5.572551727 -0.006569354 -0.001934853 0.999976516 341.556640625
0.999971092 0.005293449 0.005458779 0.315669537 -0.005297337 0.999985754 0.000697923 -5.599143028 -0.005455006 -0.000726820 0.999984860 343.166900635
0.999981284 0.004881389 0.003688849 0.314190209 -0.004877532 0.999987543 -0.001053892 -5.624228477 -0.003693948 0.001035880 0.999992669 344.757324219
0.999992192 0.003470619 0.001888378 0.312098145 -0.003471106 0.999993920 0.000254610 -5.651705265 -0.001887483 -0.000261163 0.999998212 346.351531982
0.999997556 0.001919638 0.001068413 0.305153608 -0.001920705 0.999997616 0.000997853 -5.682598591 -0.001066495 -0.000999903 0.999998987 347.945892334
0.999997854 0.001941046 0.000702102 0.296061099 -0.001941040 0.999998093 -0.000009177 -5.705739021 -0.000702119 0.000007814 0.999999762 349.538238525
0.999999583 0.000485355 0.000748322 0.278842092 -0.000484626 0.999999404 -0.000974669 -5.735887051 -0.000748794 0.000974305 0.999999225 351.146087646
0.999998987 0.001206758 0.000764898 0.272793084 -0.001205958 0.999998689 -0.001045890 -5.761763096 -0.000766159 0.001044966 0.999999166 352.690093994
0.999999166 0.000737087 0.001073255 0.258921266 -0.000735694 0.999998808 -0.001297996 -5.789181232 -0.001074211 0.001297206 0.999998569 354.277465820
0.999999762 0.000351975 0.000649155 0.259097159 -0.000350699 0.999997973 -0.001965290 -5.818702221 -0.000649846 0.001965062 0.999997854 355.876464844
0.999999762 0.000240424 0.000638051 0.250239402 -0.000238668 0.999996185 -0.002751038 -5.848373413 -0.000638710 0.002750885 0.999996006 357.479217529
0.999999344 -0.000534377 0.000995095 0.241722599 0.000536792 0.999996901 -0.002427469 -5.880119324 -0.000993794 0.002428002 0.999996543 359.058837891
0.999999702 -0.000391348 0.000657167 0.244130731 0.000393395 0.999994993 -0.003117475 -5.912941456 -0.000655944 0.003117733 0.999994934 360.657501221
0.999998450 -0.001560726 0.000794549 0.238305196 0.001564345 0.999988258 -0.004574722 -5.944002151 -0.000787400 0.004575958 0.999989212 362.243774414
0.999994338 -0.003287789 0.000695397 0.238254458 0.003289524 0.999991536 -0.002508871 -5.979135036 -0.000687142 0.002511144 0.999996543 363.842529297
0.999987900 -0.004908101 0.000251526 0.243988991 0.004908524 0.999986529 -0.001708548 -6.010753155 -0.000243137 0.001709762 0.999998450 365.444641113
0.999986112 -0.005144675 0.001083178 0.227616310 0.005147522 0.999983251 -0.002641603 -6.040327072 -0.001069570 0.002647143 0.999995947 367.008087158
0.999990165 -0.003947721 0.002022613 0.213820755 0.003955574 0.999984562 -0.003893682 -6.058693886 -0.002007211 0.003901645 0.999990404 368.615051270
0.999993205 -0.003239870 0.001717431 0.212055713 0.003243482 0.999992669 -0.002105120 -6.108672142 -0.001710598 0.002110677 0.999996305 370.189605713
0.999997437 -0.001455981 0.001766313 0.207174480 0.001458150 0.999998152 -0.001227521 -6.135632038 -0.001764522 0.001230094 0.999997735 371.791076660
0.999994040 -0.002469677 0.002404099 0.201838732 0.002472789 0.999996126 -0.001292391 -6.172487736 -0.002400898 0.001298329 0.999996305 373.385742188
0.999994755 -0.002089086 0.002485965 0.190405548 0.002095060 0.999994934 -0.002403255 -6.194075584 -0.002480932 0.002408451 0.999994099 374.986877441
0.999993742 -0.001809718 0.003026074 0.186178148 0.001817155 0.999995470 -0.002456713 -6.229279518 -0.003021614 0.002462197 0.999992430 376.580718994
0.999993205 -0.001904191 0.003151176 0.196701944 0.001911271 0.999995708 -0.002245347 -6.264593601 -0.003146886 0.002251355 0.999992549 378.191925049
0.999993861 0.000082806 0.003477684 0.178558230 -0.000073147 0.999996066 -0.002777363 -6.282215118 -0.003477901 0.002777092 0.999990106 379.820220947
0.999990106 0.001797216 0.004062464 0.175388098 -0.001788206 0.999995887 -0.002220515 -6.313232422 -0.004066438 0.002213228 0.999989331 381.420684814
0.999985337 0.003319188 0.004261788 0.162832379 -0.003305337 0.999989271 -0.003253144 -6.338421822 -0.004272541 0.003239010 0.999985576 383.062927246
