1.000000000 0.000000000 0.000000000 0.000000000 0.000000000 1.000000000 0.000000000 0.000000000 0.000000000 0.000000000 1.000000000 0.000000000
0.999939024 -0.002571400 -0.010737221 0.005534955 0.002310100 0.999702573 -0.024277769 -0.042482257 0.010796455 0.024251485 0.999647617 0.113113888
0.999808967 0.014382486 0.013233830 -0.005000238 -0.014295990 0.999875963 -0.006607568 -0.088699408 -0.013327222 0.006417116 0.999890625 0.301480800
0.999512494 -0.000275539 0.031219624 0.007035395 0.000423517 0.999988735 -0.004733413 -0.142381236 -0.031217966 0.004744327 0.999501348 0.491454959
0.998551726 0.028399253 0.045693237 -0.088327333 -0.027218072 0.999284267 -0.026268112 -0.191558704 -0.046406526 0.024986388 0.998610079 0.624312222
0.997551620 0.014249528 0.068466857 -0.067712419 -0.014496963 0.999890029 0.003118416 -0.249531433 -0.068414897 -0.004103342 0.997648478 0.831522524
0.997853279 0.004317675 0.065347150 -0.039074719 -0.004316235 0.999990642 -0.000163195 -0.310582846 -0.065347239 -0.000119209 0.997862518 1.023587584
0.998949051 -0.030190907 0.034485627 0.003966507 0.030189864 0.999544144 0.000551150 -0.364361435 -0.034486536 0.000490545 0.999405026 1.190337658
0.996656775 0.046946876 0.066867858 -0.050925769 -0.046147902 0.998844028 -0.013444458 -0.408273757 -0.067421764 0.010313698 0.997671187 1.358515978
0.999735773 0.011596167 0.019850455 0.015348652 -0.011487735 0.999918520 -0.005568002 -0.483100444 -0.019913405 0.005338494 0.999787450 1.560008168
0.999517620 0.020750923 0.023109928 -0.002900526 -0.020151155 0.999461651 -0.025890335 -0.525004268 -0.023634735 0.025412153 0.999397576 1.736749649
0.999062836 0.023102470 0.036605585 -0.003017321 -0.022900347 0.999720156 -0.005931604 -0.576310217 -0.036732383 0.005087765 0.999312162 1.943567991
0.999067605 0.012686227 0.041267343 0.022867978 -0.011934101 0.999759018 -0.018421307 -0.630536437 -0.041491102 0.017911645 0.998978317 2.113121271
0.997762084 0.016614875 0.064766966 0.026135117 -0.015569502 0.999740839 -0.016611971 -0.689816952 -0.065026186 0.015566407 0.997762203 2.309467793
0.992373645 0.011515449 0.122726448 0.073068827 -0.012069893 0.999919951 0.003775212 -0.742021799 -0.122673161 -0.005227716 0.992433310 2.519034624
0.986782610 0.007871835 0.161858305 0.160393447 -0.007696469 0.999968946 -0.001710450 -0.738037050 -0.161866739 0.000442105 0.986812532 2.703433514
0.982265651 -0.033488248 0.184479624 0.218631744 0.031382598 0.999404728 0.014322829 -0.793152750 -0.184849471 -0.008279370 0.982731998 2.871713877
0.980265498 -0.037066232 0.194179237 0.258923709 0.039464645 0.999184847 -0.008496355 -0.838707864 -0.193706006 0.015991904 0.980929375 3.012161493
0.981314123 -0.009156459 0.192194417 0.277804673 0.016258961 0.999240577 -0.035410184 -0.896028221 -0.191724211 0.037873399 0.980717778 3.178879261
0.983307779 0.012519226 0.181518450 0.294593871 -0.002506183 0.998467326 -0.055287421 -0.933656514 -0.181932420 0.053909641 0.981832147 3.318838835
0.990395069 0.048288409 0.129559308 0.309362710 -0.044183467 0.998431802 -0.034374937 -1.024242043 -0.131016076 0.028320398 0.990975618 3.444908857
0.997229397 0.047274262 0.057433739 0.335624576 -0.046056278 0.998688698 -0.022349473 -1.060809374 -0.058414988 0.019642364 0.998099089 3.663384438
0.999768436 0.002668634 -0.021353777 0.383359045 -0.002576073 0.999987185 0.004361004 -1.127951622 0.021365138 -0.004304985 0.999762475 3.780751944
0.997616351 -0.019463956 -0.066202641 0.341875941 0.020476947 0.999682844 0.014657224 -1.177083611 0.065896362 -0.015977914 0.997698486 3.922566175
0.996193171 -0.021380262 -0.084510811 0.329265356 0.021856729 0.999750018 0.004716742 -1.225951672 0.084388822 -0.006545915 0.996411443 4.093788147
0.998537838 0.017317664 -0.051210135 0.295471221 -0.017707529 0.999817491 -0.007169214 -1.253579855 0.051076632 0.008065537 0.998662233 4.224577904
0.998294055 -0.002126652 -0.058347914 0.288145870 0.001261548 0.999888778 -0.014859467 -1.279177427 0.058373027 0.014760509 0.998185694 4.352342606
0.998163998 -0.010810179 -0.059596419 0.279485315 0.009334247 0.999644101 -0.024988513 -1.345847011 0.059845347 0.024386346 0.997909784 4.581650734
0.998115599 0.002073618 -0.061325643 0.265701324 -0.002935322 0.999898195 -0.013964590 -1.400930643 0.061290435 0.014118287 0.998020113 4.767797470
0.999004781 0.005490168 -0.044266149 0.258439243 -0.005638732 0.999978900 -0.003232046 -1.452702641 0.044247471 0.003478436 0.999014556 4.941101074
0.999394357 -0.019905098 -0.028543258 0.272050261 0.019994369 0.999796033 0.002845463 -1.506283879 0.028480792 -0.003414446 0.999588490 5.171623230
0.999619305 -0.022566173 -0.015868455 0.279787719 0.022892779 0.999523401 0.020710591 -1.567266345 0.015393525 -0.021065980 0.999659598 5.383123398
0.999827266 -0.018554689 0.001188790 0.275850117 0.018515190 0.999453306 0.027390974 -1.610445976 -0.001696370 -0.027364228 0.999624074 5.550694466
0.999770761 -0.014614293 -0.015646379 0.276844621 0.015193902 0.999177754 0.037589971 -1.660699368 0.015084163 -0.037819080 0.999170721 5.757914543
0.999610543 -0.026936265 -0.007292334 0.289834619 0.027094392 0.999378860 0.022531603 -1.723999977 0.006680887 -0.022720404 0.999719501 5.967499733
0.999020219 -0.040631201 -0.017539535 0.303407878 0.040465135 0.999133646 -0.009721439 -1.762017608 0.017919330 0.009002177 0.999798834 6.115325928
0.999969482 -0.001203271 -0.007718838 0.274838477 0.000889196 0.999176621 -0.040564410 -1.801601171 0.007761291 0.040556300 0.999147058 6.263463974
0.999779761 0.007450655 0.019619584 0.271131426 -0.007164508 0.999867558 -0.014614664 -1.871587515 -0.019725876 0.014470881 0.999700665 6.460350990
0.999666691 -0.013320013 0.022113638 0.294579625 0.013479324 0.999884188 -0.007070667 -1.946730494 -0.022016896 0.007366390 0.999730468 6.700466156
0.998459637 -0.010302227 0.054517746 0.306057870 0.008784389 0.999569178 0.028008014 -2.017837524 -0.054782804 -0.027485965 0.998119950 6.947184086
0.998271644 -0.031134609 0.049842112 0.322620153 0.028803945 0.998488247 0.046815347 -2.092211246 -0.051224340 -0.045298785 0.997659326 7.159764290
0.999176145 0.004317569 0.040353365 0.303574145 -0.006476548 0.998545587 0.053525239 -2.135951042 -0.040063575 -0.053742494 0.997750819 7.315905094
0.999992251 0.003788004 -0.001062373 0.308330148 -0.003730159 0.998742640 0.049992427 -2.180670500 0.001250407 -0.049988061 0.998749137 7.462704659
0.999403298 0.003041338 -0.034404695 0.293663293 -0.001578235 0.999096394 0.042473726 -2.228725910 0.034502786 -0.042394090 0.998505056 7.607516289
0.998862684 0.023489438 -0.041492015 0.270314902 -0.023091558 0.999682903 0.010042658 -2.243714809 0.041714750 -0.009073121 0.999088287 7.689826965
0.998543203 0.039164037 -0.037118580 0.252184570 -0.039340470 0.999217689 -0.004034471 -2.283078194 0.036931537 0.005488856 0.999302745 7.848924160
0.998872161 0.042162031 -0.021836145 0.240603030 -0.042484902 0.998991430 -0.014539502 -2.333858252 0.021201108 0.015450809 0.999655843 8.024826050
0.998901367 0.035008166 -0.031154547 0.245691150 -0.035689607 0.999129593 -0.021592265 -2.408319950 0.030371528 0.022680432 0.999281287 8.269683838
0.998424172 0.047971666 -0.029117577 0.228038609 -0.048435062 0.998707235 -0.015423275 -2.459399939 0.028340049 0.016809283 0.999456942 8.454009056
0.999006748 0.040165551 -0.019295553 0.230023071 -0.040255215 0.999180198 -0.004281084 -2.512299776 0.019107785 0.005053580 0.999804556 8.637569427
0.999188066 0.035224807 -0.019556038 0.230145812 -0.035363495 0.999351442 -0.006791506 -2.572356701 0.019304130 0.007477562 0.999785721 8.822142601
0.999391973 0.034503650 -0.005029592 0.224314481 -0.034638811 0.998953581 -0.029862870 -2.637903929 0.003993953 0.030018931 0.999541402 9.022705078
0.998209238 0.048304133 0.035284936 0.222797304 -0.047669012 0.998689473 -0.018624842 -2.692919731 -0.036138359 0.016909491 0.999203801 9.248381615
0.998297632 0.049560931 0.030748507 0.260760963 -0.048555393 0.998287380 -0.032629631 -2.727827787 -0.032312997 0.031081080 0.998994410 9.509747505
0.999039412 0.032070793 0.029858720 0.277858138 -0.031044796 0.998932242 -0.034213483 -2.789618731 -0.030924089 0.033253670 0.998968363 9.689503670
0.996861875 0.077892154 0.014118964 0.253972054 -0.077683002 0.996868193 -0.014802154 -2.843521118 -0.015227716 0.013658898 0.999790788 9.896030426
0.998347342 0.053648785 -0.020602863 0.266957343 -0.053805970 0.998525858 -0.007152170 -2.903987169 0.020188775 0.008248905 0.999762118 10.085576057
0.998793542 0.040761624 -0.027384304 0.295877337 -0.040951561 0.999140620 -0.006410955 -2.964106321 0.027099442 0.007524654 0.999604344 10.269163132
0.997596741 0.044961471 -0.052717548 0.313902557 -0.044389654 0.998942554 0.011968545 -3.057283401 0.053199928 -0.009599667 0.998537719 10.460363388
0.995972812 0.055353049 -0.070529431 0.301414251 -0.053038206 0.998003900 0.034282792 -3.114935875 0.072286293 -0.030403974 0.996920347 10.672908783
0.996391594 0.041995376 -0.073758781 0.300689876 -0.037945416 0.997738659 0.055477098 -3.167450190 0.075921759 -0.052478097 0.995731831 10.877081871
0.994723856 0.035297137 -0.096324950 0.300884485 -0.030542254 0.998262048 0.050399013 -3.225920200 0.097936466 -0.047191121 0.994073153 11.079859734
0.995769382 0.026587665 -0.087958410 0.291173160 -0.022593703 0.998681545 0.046095658 -3.269166946 0.089068018 -0.043913335 0.995056987 11.248154640
0.996311009 0.021870380 -0.082982950 0.291188478 -0.020022620 0.999534190 0.023034083 -3.323492527 0.083448038 -0.021287574 0.996284664 11.441464424
0.997534156 0.031636354 -0.062646948 0.269740701 -0.031463366 0.999497950 0.003746051 -3.371219158 0.062734000 -0.001765734 0.998028636 11.612754822
0.997638822 0.032135867 -0.060694449 0.251452923 -0.031632718 0.999456942 0.009232796 -3.396520853 0.060958192 -0.007291069 0.998113632 11.795978546
0.996880174 0.037698399 -0.069345765 0.236822546 -0.037181728 0.999270439 0.008726845 -3.464502811 0.069624148 -0.006121222 0.997554481 12.021004677
0.996701658 0.039735693 -0.070757985 0.223518193 -0.039579943 0.999209881 0.003602575 -3.531777382 0.070845231 -0.000790097 0.997487009 12.236332893
0.994832039 0.025823953 -0.098194629 0.235196829 -0.027219394 0.999546409 -0.012897792 -3.571001530 0.097817004 0.015503934 0.995083570 12.376219749
0.994319201 0.026483541 -0.103092268 0.212665677 -0.028489290 0.999431551 -0.018031977 -3.633498192 0.102556109 0.020866560 0.994508326 12.563259125
0.994909525 0.052411363 -0.086070448 0.176712871 -0.053919636 0.998428226 -0.015291722 -3.683083296 0.085133694 0.019854765 0.996171713 12.754482269
0.996123314 0.032594327 -0.081706464 0.173830390 -0.034362901 0.999202549 -0.020333206 -3.741217136 0.080978557 0.023062052 0.996448994 12.935629845
0.995541394 0.034424115 -0.087819479 0.161137223 -0.035835806 0.999251723 -0.014548866 -3.799750805 0.087252937 0.017631080 0.996030152 13.129579544
0.995926023 0.036410857 -0.082496323 0.148596168 -0.037922319 0.999139011 -0.016828829 -3.853741169 0.081812538 0.019888720 0.996449232 13.316552162
0.997027516 0.045053642 -0.062500365 0.123743355 -0.046351656 0.998735309 -0.019475464 -3.914774179 0.061543867 0.022314573 0.997854888 13.515615463
0.996571362 0.049350131 -0.066406995 0.109144390 -0.050063949 0.998704255 -0.009127372 -3.965275526 0.065870501 0.012420679 0.997750819 13.696815491
0.993983567 0.027989002 -0.105892785 0.124947906 -0.029704969 0.999451101 -0.014662121 -4.031125069 0.105424285 0.017719455 0.994269431 13.870590210
0.994229555 0.048260752 -0.095804214 0.081954837 -0.050894339 0.998385251 -0.025237335 -4.084874630 0.094431527 0.029967600 0.995080233 14.071884155
0.992827773 0.079019159 -0.089715205 0.040890217 -0.081887975 0.996226609 -0.028754078 -4.136542797 0.087104551 0.035894450 0.995552301 14.272907257
0.995796263 0.044229530 -0.080208771 0.050955772 -0.045924410 0.998756289 -0.019409843 -4.200377464 0.079250529 0.023011792 0.996589065 14.459377289
0.996822059 0.048868544 -0.062910520 0.033176661 -0.049868558 0.998651743 -0.014424048 -4.265933037 0.062120818 0.017515469 0.997914970 14.663715363
0.997285128 0.031638473 -0.066493303 0.032955587 -0.032440182 0.999412954 -0.011011821 -4.330812454 0.066105857 0.013138978 0.997726142 14.876716614
0.997120619 0.035171926 -0.067180037 0.017536521 -0.035878215 0.999312580 -0.009335754 -4.395280361 0.066805497 0.011719177 0.997697234 15.089715958
0.997551560 0.023127418 -0.065999277 0.019676566 -0.025277004 0.999170661 -0.031922840 -4.444592476 0.065206252 0.033512946 0.997308910 15.233361244
0.999014556 0.031804010 -0.030959209 0.008019239 -0.032179292 0.999413610 -0.011699785 -4.503311157 0.030568950 0.012684502 0.999452114 15.441207886
0.999419093 0.022005452 -0.026023217 0.008770138 -0.022077246 0.999753237 -0.002474708 -4.569227695 0.025962334 0.003047791 0.999658346 15.631181717
0.997712910 0.061108500 -0.028892113 -0.024652332 -0.061410714 0.998065591 -0.009690203 -4.617243290 0.028244069 0.011442327 0.999535561 15.815216064
0.999197781 0.013690628 -0.037635002 0.007070303 -0.013689665 0.999906123 0.000283395 -4.666609287 0.037635349 0.000232043 0.999291480 15.966834068
0.999858677 0.008243510 -0.014660226 -0.000775471 -0.008306691 0.999956429 -0.004253954 -4.734427452 0.014624523 0.004375131 0.999883533 16.211162567
0.999905050 0.012286513 -0.006233236 0.003379859 -0.012312551 0.999915540 -0.004156114 -4.788517952 0.006181644 0.004232468 0.999971926 16.392612457
0.998520613 0.048266575 0.025036993 -0.023683876 -0.048103996 0.998817384 -0.007056190 -4.822350502 -0.025347959 0.005841373 0.999661744 16.523601532
0.998950303 0.024486238 0.038712844 0.000871956 -0.023640156 0.999474764 -0.022164229 -4.896618366 -0.039235227 0.021225788 0.999004483 16.752130508
0.999599099 0.021372803 0.018571157 0.012653828 -0.021000341 0.999578893 -0.020024663 -4.967782497 -0.018991321 0.019626634 0.999626994 16.987958908
0.999858439 0.001453813 0.016761707 0.026099235 -0.001027459 0.999676347 -0.025416989 -5.004353523 -0.016793232 0.025396172 0.999536395 17.098161697
0.999001086 0.021805638 0.039003097 0.015368342 -0.020651907 0.999344170 -0.029742740 -5.058392525 -0.039626081 0.028907547 0.998796344 17.279182434
0.999235094 0.013957463 0.036529079 -0.009682536 -0.013099167 0.999634922 -0.023630913 -5.137223721 -0.036845569 0.023134334 0.999053299 17.469331741
0.997224629 0.036868840 0.064682692 -0.022914171 -0.035877258 0.999221265 -0.016425591 -5.210038185 -0.065237910 0.014059365 0.997770727 17.715797424
0.997937143 0.024155756 0.059481420 0.005257845 -0.023088558 0.999561071 -0.018564146 -5.261337280 -0.059903741 0.017152511 0.998056829 17.890790939
0.997701824 0.023354378 0.063603610 0.020444751 -0.022258522 0.999592245 -0.017883951 -5.311620712 -0.063995346 0.016427130 0.997815073 18.064308167
0.996764779 0.038815692 0.070379183 0.016946077 -0.037066251 0.998974681 -0.025995642 -5.362822533 -0.071316063 0.023302848 0.997181535 18.242479324
0.997713268 0.030012675 0.060560029 0.038898468 -0.028987844 0.999422431 -0.017730892 -5.440979481 -0.061057210 0.015934840 0.998007059 18.476156235
0.997966409 0.017789247 0.061209794 0.067605615 -0.016472118 0.999623239 -0.021956043 -5.507308960 -0.061577298 0.020903138 0.997883379 18.681522369
0.997716427 0.025960254 0.062353972 0.074778318 -0.025244974 0.999606550 -0.012232008 -5.553086281 -0.062646978 0.010629953 0.997979164 18.863616943
0.997795641 0.023796737 0.061948221 0.088239670 -0.023703251 0.999716520 -0.002243685 -5.608206272 -0.061984047 0.000770368 0.998076797 19.047159195
0.997847199 0.024074001 0.061003111 0.100099683 -0.023758102 0.999700367 -0.005898500 -5.663885593 -0.061126843 0.004436485 0.998120070 19.224788666
0.998977065 0.027444376 0.035941094 0.119435906 -0.027081413 0.999577582 -0.010547210 -5.728749752 -0.036215372 0.009563087 0.999298215 19.444709778
0.998967588 0.033846062 0.030301627 0.117041230 -0.033458948 0.999353051 -0.013192738 -5.780027866 -0.030728552 0.012165258 0.999453723 19.624961853
0.998322487 0.035552163 0.045696847 0.122621953 -0.034804974 0.999248803 -0.017043987 -5.836706638 -0.046268463 0.015424920 0.998809934 19.806407928
0.997819245 0.049646053 0.043497540 0.073137522 -0.049148504 0.998714089 -0.012434981 -5.905048370 -0.044058956 0.010270025 0.998976171 20.002042770
0.997622550 0.045681108 0.051599674 0.113302946 -0.044923391 0.998866260 -0.015750749 -5.952187538 -0.052260689 0.013395270 0.998543739 20.152303696
0.999191344 0.014086165 0.037659295 0.149609089 -0.013085779 0.999558330 -0.026679978 -6.004653454 -0.038018484 0.026165595 0.998934388 20.229652405
0.998568237 0.003939116 0.053346213 0.194526553 -0.003583486 0.999970734 -0.006760435 -6.071750164 -0.053371280 0.006559588 0.998553157 20.398065567
0.997127295 -0.006459961 0.075468153 0.179101944 0.007967782 0.999774277 -0.019695623 -6.095050812 -0.075323880 0.020240355 0.996953666 20.564596176
0.997509122 -0.053506397 0.045961581 0.228129089 0.055628072 0.997382402 -0.046194464 -6.151550293 -0.043369565 0.048636146 0.997874498 20.722974777
0.999528468 -0.001685578 0.030660259 0.304111838 0.002602686 0.999549627 -0.029896813 -6.222528934 -0.030596055 0.029962510 0.999082744 20.907281876
0.999021351 0.000427558 0.044230223 0.318914890 0.001607599 0.998941660 -0.045966975 -6.275503159 -0.044203065 0.045993082 0.997963190 21.071178436
0.998997331 0.007950228 0.044059560 0.337128282 -0.006909233 0.999694586 -0.023729166 -6.348287106 -0.044234760 0.023400955 0.998746991 21.329708099
0.999750257 0.002813077 0.022169977 0.352743894 -0.002031859 0.999378920 -0.035181765 -6.427723408 -0.022255177 0.035127930 0.999135017 21.482402802
0.999841571 -0.009621373 0.014977220 0.414670914 0.009899381 0.999778092 -0.018600121 -6.490691662 -0.014794939 0.018745437 0.999714792 21.696063995
0.999392688 -0.034490701 0.004987800 0.420665622 0.034576692 0.999234140 -0.018325180 -6.531505585 -0.004351933 0.018486511 0.999819577 21.845502853
0.999556422 -0.017918963 0.023788305 0.403629571 0.018590378 0.999426425 -0.028309947 -6.582247734 -0.023267373 0.028739618 0.999316096 22.075757980
0.998853505 0.024426056 0.041171752 0.374952137 -0.023354022 0.999380767 -0.026320947 -6.633714676 -0.041789170 0.025329242 0.998805285 22.241552353
0.999649704 -0.013179586 0.022952287 0.413122743 0.013856200 0.999466479 -0.029573755 -6.702636719 -0.022550276 0.029881429 0.999298990 22.444740295
0.999046326 -0.015158411 0.040946968 0.427814245 0.016030278 0.999649882 -0.021048814 -6.760873795 -0.040613562 0.021685127 0.998939574 22.656724930
0.998790324 -0.019283893 0.045233630 0.441653609 0.020459039 0.999461353 -0.025661930 -6.817072868 -0.044714399 0.026556320 0.998646796 22.812223434
0.997241914 -0.009831197 0.073566258 0.436010242 0.011686771 0.999623239 -0.024835415 -6.874852180 -0.073294379 0.025626671 0.996981025 23.000516891
0.997348905 -0.038303882 0.061869871 0.490215421 0.039438598 0.999073446 -0.017224055 -6.936977386 -0.061152805 0.019618453 0.997935534 23.199497223
0.994107068 -0.041131590 0.100296080 0.515925407 0.041920744 0.999104261 -0.005772523 -6.988584995 -0.099968806 0.009942990 0.994940937 23.397310257
0.993983924 -0.012526821 0.108806871 0.520177126 0.015489678 0.999530613 -0.026428016 -7.044940472 -0.108424746 0.027954407 0.993711531 23.563804626
0.992192864 -0.014844381 0.123825662 0.558415174 0.015387603 0.999875844 -0.003431746 -7.089891911 -0.123759337 0.005310335 0.992298067 23.772647858
0.995101333 -0.013571328 0.097923309 0.589232922 0.015176850 0.999762118 -0.015669474 -7.154808044 -0.097687326 0.017078884 0.995070636 23.929122925
0.993651807 -0.012213618 0.111834094 0.598705292 0.012604193 0.999916613 -0.002786088 -7.226747036 -0.111790746 0.004177980 0.993722975 24.149940491
0.993551910 -0.032566972 0.108599983 0.626352072 0.033862740 0.999375403 -0.010108290 -7.286081791 -0.108202934 0.013720606 0.994034111 24.287788391
0.994827151 -0.001722786 0.101566821 0.614361286 0.003527087 0.999839127 -0.017587779 -7.326606274 -0.101520188 0.017855035 0.994673193 24.458419800
0.995648086 0.021261195 0.090735093 0.692029953 -0.016990431 0.998722732 -0.047584072 -7.283566475 -0.091630891 0.045835361 0.994737566 24.649948120
0.997269571 0.049148325 0.055118334 0.773711085 -0.043570925 0.994213581 -0.098188378 -7.232789516 -0.059625197 0.095518701 0.993640304 24.849958420
0.993016422 0.076977514 0.089403644 0.772618771 -0.067797214 0.992518842 -0.101538196 -7.294227600 -0.096550949 0.094767772 0.990806282 25.041355133
0.996720195 0.031872541 0.074384034 0.825920105 -0.023904815 0.994116187 -0.105648868 -7.373603344 -0.077313669 0.103524238 0.991617620 25.199899673
0.994987190 0.040565148 0.091405749 0.829692841 -0.032873444 0.995911777 -0.084137417 -7.453796387 -0.094445117 0.080710843 0.992252886 25.429641724
0.998154998 -0.005440515 0.060472149 0.886902452 0.011018357 0.995671153 -0.092291377 -7.508452415 -0.059708256 0.092787407 0.993894100 25.565759659
0.997701705 -0.003591786 0.067663468 0.917816520 0.009411132 0.996260822 -0.085883021 -7.586358070 -0.067101985 0.086322442 0.994004965 25.742895126
0.995616913 0.015869686 0.092168532 0.916201234 -0.010384059 0.998162627 -0.059694801 -7.667100906 -0.092946529 0.058476072 0.993952453 25.978590012
0.995842159 0.017240556 0.089449041 0.948976517 -0.009608265 0.996329129 -0.085064672 -7.717029572 -0.090587243 0.083851524 0.992352188 26.107280731
0.997892022 0.013965904 0.063375346 0.973905921 -0.008655030 0.996485770 -0.083313771 -7.772226810 -0.064316191 0.082589626 0.994506061 26.261289597
0.997045875 0.000750929 0.076804213 0.999136448 0.004036995 0.998057723 -0.062165096 -7.839427948 -0.076701716 0.062291522 0.995106280 26.467931747
0.997881889 0.004428327 0.064902313 1.027006030 -0.000484220 0.998158395 -0.060660042 -7.923057556 -0.065051407 0.060500123 0.996046245 26.682796478
0.998538673 0.027810473 0.046336569 1.019374132 -0.025639292 0.998574674 -0.046809826 -7.983051300 -0.047572333 0.045553394 0.997828484 26.832418442
0.997174025 0.021384470 0.072018266 0.979249477 -0.015271184 0.996315598 -0.084390476 -8.010155678 -0.073557593 0.083052196 0.993826747 26.915809631
0.996039450 0.013566637 0.087871119 1.003944874 -0.006246751 0.996526062 -0.083047695 -8.085830688 -0.088692531 0.082169876 0.992663920 27.147541046
0.996489167 0.020240234 0.081238091 1.013809323 -0.012205225 0.995090663 -0.098211236 -8.157312393 -0.082827084 0.096874893 0.991844177 27.310829163
0.997213185 0.008329337 0.074138492 1.043129444 -0.002375614 0.996789336 -0.080033943 -8.234641075 -0.074567072 0.079634786 0.994031131 27.528516769
0.995679557 0.049168885 0.078769125 1.026042700 -0.041886039 0.994916201 -0.091582015 -8.287999153 -0.082871661 0.087887019 0.992677271 27.685281754
0.999146283 0.021521218 0.035264242 1.068438768 -0.018517490 0.996344566 -0.083395079 -8.351393700 -0.036930099 0.082670882 0.995892406 27.837017059
0.999150813 0.026667945 0.031405836 1.069264889 -0.023726409 0.995607078 -0.090573438 -8.428287506 -0.033683270 0.089751385 0.995394468 28.000289917
0.999210656 0.005738834 0.039307006 1.091023684 -0.002397283 0.996417403 -0.084536806 -8.502762794 -0.039651323 0.084375843 0.995644689 28.193834305
0.999040306 0.025589751 0.035545070 1.079010129 -0.022678385 0.996534824 -0.080023952 -8.553777695 -0.037469693 0.079141058 0.996158957 28.344053268
0.999609411 0.006954021 0.027067345 1.114068270 -0.004212874 0.994974434 -0.100040868 -8.638057709 -0.027626999 0.099887773 0.994615078 28.534332275
0.999933958 0.011259471 -0.002311397 1.114804387 -0.011412861 0.996461213 -0.083274871 -8.711482048 0.001365587 0.083295748 0.996523917 28.737192154
0.999266088 0.038277995 -0.001459358 1.098891020 -0.038262393 0.995595574 -0.085590422 -8.780567169 -0.001823299 0.085583448 0.996329367 28.827829361
0.999504268 0.025484759 -0.018492846 1.117829919 -0.026604241 0.997655451 -0.063053191 -8.847526550 0.016842594 0.063513905 0.997838855 29.026044846
0.998985708 0.039250173 -0.022071006 1.111364365 -0.040686909 0.996791303 -0.068932638 -8.906885147 0.019294569 0.069760725 0.997377217 29.178970337
0.998892307 -0.017633058 -0.043626130 1.159295440 0.014681654 0.997640193 -0.067071170 -8.997449875 0.044705845 0.066356376 0.996793985 29.401836395
0.999448955 0.001333579 -0.033166669 1.135072112 -0.003608183 0.997636616 -0.068616189 -9.055927277 0.032996774 0.068698056 0.997091711 29.591150284
0.997977436 0.054548904 -0.032643396 1.085959435 -0.057163030 0.994706988 -0.085384160 -9.091903687 0.027813004 0.087077454 0.995813251 29.723312378
0.997689486 0.042147979 -0.053282980 1.080145955 -0.046342243 0.995708883 -0.080101602 -9.172870636 0.049678210 0.082385786 0.995361567 29.915817261
0.996008217 0.059760682 -0.066305041 1.066800356 -0.064967722 0.994725645 -0.079374149 -9.225168228 0.061211865 0.083364986 0.994637370 30.068630219
0.996748447 0.057836004 -0.056103110 1.045945168 -0.061941579 0.995300412 -0.074433893 -9.295263290 0.051534485 0.077667005 0.995646536 30.261667252
0.997886479 0.063520715 -0.013700452 1.042211175 -0.064278930 0.995827794 -0.064770192 -9.383891106 0.009529043 0.065513954 0.997806191 30.476264954
0.999809682 0.019402195 0.002024099 1.112493515 -0.019136079 0.995630860 -0.091394097 -9.427831650 -0.003788501 0.091337979 0.995812714 30.604660034
0.998961329 0.031817973 0.032616224 1.111984253 -0.029805129 0.997726500 -0.060444068 -9.469779968 -0.034465276 0.059409168 0.997638583 30.804977417
0.999958575 -0.006990044 0.005814274 1.156657815 0.007194898 0.999326229 -0.035991520 -9.559771538 -0.005558774 0.036031868 0.999335170 30.952070236
0.999626875 0.017128319 -0.021278510 1.262609124 -0.016635576 0.999594152 0.023122052 -9.817921638 0.021665920 -0.022759445 0.999506116 30.884189606
0.998332500 -0.013886654 -0.056031525 1.294674397 0.015731905 0.999343753 0.032626845 -9.880537033 0.055541683 -0.033453919 0.997895777 31.054082870
0.998383820 -0.008777741 -0.056149729 1.282087445 0.009900898 0.999755800 0.019756144 -9.904119492 0.055962611 -0.020280151 0.998226881 31.219182968
0.995462656 0.019918807 -0.093045369 1.257037640 -0.018828237 0.999743581 0.012584115 -9.954814911 0.093272164 -0.010775139 0.995582342 31.400539398
0.991189063 0.118331291 -0.059513908 1.039447665 -0.117328197 0.992890000 0.020088114 -10.051053047 0.061467819 -0.012928460 0.998025358 31.546585083
0.976035714 0.217340559 -0.010832275 0.772274196 -0.216939852 0.975726724 0.029908024 -10.120722771 0.017069569 -0.026841346 0.999493957 31.727775574
0.966112316 0.256472886 -0.029132321 0.733552694 -0.255525231 0.966251016 0.032647211 -10.143398285 0.036522262 -0.024096830 0.999042213 31.880819321
0.973039567 0.226334125 -0.044347234 0.753652334 -0.225480735 0.973965347 0.023449805 -10.205008507 0.048500158 -0.012818142 0.998740911 32.073238373
0.977170646 0.198969007 -0.074491024 0.774493217 -0.193070456 0.977960050 0.079485171 -10.393759727 0.088664353 -0.063288569 0.994048834 32.099601746
0.964202762 0.256631047 -0.066735759 0.706041336 -0.253619373 0.965990782 0.050388701 -10.414263725 0.077397428 -0.031659435 0.996497512 32.274429321
0.965249419 0.255686134 -0.054020584 0.687813640 -0.252433836 0.965728402 0.060380042 -10.441190720 0.067607559 -0.044645149 0.996712625 32.473518372
0.968632042 0.231628209 -0.090001896 0.693835497 -0.225043431 0.971252680 0.077611968 -10.485366821 0.105391696 -0.054923106 0.992912948 32.630111694
0.955628037 0.248158768 -0.158720627 0.693185806 -0.235350356 0.967231095 0.095258631 -10.579423904 0.177158803 -0.053676873 0.982717454 32.723598480
0.943248272 0.253788650 -0.214182273 0.673461914 -0.245297670 0.967212796 0.065790057 -10.599374771 0.223856628 -0.009517945 0.974575579 32.856163025
0.927631676 0.289093018 -0.236483693 0.589947224 -0.280649781 0.957298934 0.069386557 -10.600979805 0.246444762 0.002003916 0.969154775 33.037872314
0.925105453 0.331703067 -0.184805349 0.452854633 -0.319198966 0.942951918 0.094625272 -10.636228561 0.205650002 -0.028548675 0.978209078 33.144706726
0.926067710 0.328993350 -0.184829578 0.350205898 -0.315211892 0.943693101 0.100422978 -10.669664383 0.207460925 -0.034737982 0.977626264 33.284301758
0.929651141 0.344930291 -0.129507139 0.187480450 -0.333694905 0.937262833 0.100925639 -10.716407776 0.156194583 -0.050609738 0.986428797 33.445381165
0.928640962 0.318123788 -0.190848783 0.292623997 -0.300314128 0.946672499 0.116715722 -10.721200943 0.217801362 -0.051072396 0.974655867 33.647537231
0.914613605 0.304194063 -0.266360492 0.343480110 -0.288331121 0.952526510 0.097767249 -10.738583565 0.283455700 -0.012619236 0.958902299 33.791061401
0.917374372 0.285466701 -0.277367651 0.286757469 -0.262982726 0.957804859 0.115974903 -10.765990257 0.298770994 -0.033449523 0.953738391 33.980930328
0.914669275 0.290554702 -0.280994833 0.224675179 -0.266158491 0.956140101 0.122294061 -10.788749695 0.304203510 -0.037069455 0.951885521 34.166835785
0.909000039 0.285916209 -0.303267002 0.169185638 -0.259860635 0.957655549 0.123969711 -10.814020157 0.325870246 -0.033881329 0.944807172 34.343109131
0.917475700 0.275101870 -0.287327677 0.109863281 -0.246533126 0.960098326 0.132032871 -10.874225616 0.312185287 -0.050301149 0.948688626 34.539863586
0.921699584 0.252649367 -0.294343561 0.022979736 -0.218105361 0.965037644 0.145369485 -10.868589401 0.320780098 -0.069789097 0.944579005 34.750637054
0.920112073 0.237085640 -0.311743677 -0.033221245 -0.197547063 0.968233347 0.153295025 -10.904347420 0.338184685 -0.079464562 0.937718868 34.933219910
0.900692344 0.319005221 -0.294938713 -0.162626266 -0.284879029 0.946203053 0.153439745 -10.904091835 0.328019947 -0.054180145 0.943115771 35.081134796
0.910630822 0.255868047 -0.324473470 -0.154837608 -0.220888048 0.965041816 0.141077459 -10.940774918 0.349227667 -0.056797188 0.935315013 35.207530975
0.919015288 0.248577237 -0.305974156 -0.235552788 -0.217547655 0.967051983 0.132225186 -10.967288971 0.328761041 -0.054953024 0.942813039 35.433799744
0.914758623 0.250164002 -0.317229599 -0.321743965 -0.224708602 0.967606962 0.115078464 -11.013740540 0.335742027 -0.033984795 0.941340744 35.609401703
0.920172036 0.233924910 -0.313946843 -0.309716225 -0.200441346 0.970292389 0.135484785 -11.152624130 0.336313456 -0.061741401 0.939724028 35.599243164
0.931170940 0.199616686 -0.305079967 -0.350197792 -0.169628486 0.977913141 0.122114412 -11.184127808 0.322717845 -0.061959155 0.944465101 35.811248779
0.942873955 0.163434327 -0.290306479 -0.387638092 -0.140910134 0.985257387 0.097016066 -11.227344513 0.301882356 -0.050566807 0.952003181 36.004146576
0.953506172 0.113955170 -0.278998494 -0.385270119 -0.101334527 0.993083656 0.059297439 -11.257815361 0.283826113 -0.028268293 0.958458960 36.119586945
0.966790140 0.103766009 -0.233558416 -0.412106991 -0.090573326 0.993663788 0.066549256 -11.312368393 0.238984093 -0.043184992 0.970062792 36.216224670
0.972301304 0.141020074 -0.186396137 -0.545745850 -0.122748643 0.986735880 0.106230497 -11.459980011 0.198904440 -0.080408171 0.976714671 36.129829407
0.967938602 0.103099220 -0.229053110 -0.503549099 -0.074215934 0.988555968 0.131335780 -11.569656372 0.239972442 -0.110125601 0.964513183 36.223899841
0.963786364 0.111118965 -0.242422163 -0.600556850 -0.088137560 0.990695715 0.103700601 -11.522510529 0.251689672 -0.078578718 0.964612722 36.494289398
0.956698775 0.143630162 -0.253175586 -0.683859825 -0.124215424 0.988059342 0.091155693 -11.559740067 0.263245165 -0.055760223 0.963116229 36.704193115
0.955795109 0.129012883 -0.264218599 -0.721855164 -0.101912715 0.988253355 0.113882050 -11.593976974 0.275807172 -0.081920668 0.957715750 36.898204803
0.962187648 0.107026547 -0.250480175 -0.713442802 -0.087026440 0.992165148 0.089636818 -11.611968040 0.258111238 -0.064449027 0.963963151 37.030670166
0.968920290 0.139778063 -0.204096854 -0.732388973 -0.108430624 0.981553137 0.157468870 -11.791126251 0.222342566 -0.130444467 0.966202855 37.110004425
0.974886954 0.109318361 -0.194022700 -0.759356976 -0.081219837 0.985750735 0.147304893 -11.826442719 0.207361132 -0.127847135 0.969874561 37.306705475
0.974204361 0.152034745 -0.166767031 -0.901713848 -0.129614145 0.981914043 0.138003230 -11.824288368 0.184732184 -0.112827979 0.976290882 37.430786133
0.971313715 0.157408491 -0.178247809 -0.879743576 -0.137524784 0.983328581 0.118961245 -11.928243637 0.194001690 -0.091035210 0.976768136 37.512287140
0.969432235 0.042887144 -0.241581619 -0.701904297 -0.034507755 0.998650491 0.038812235 -11.813355446 0.242920101 -0.029289396 0.969604015 37.777111053
0.970637858 0.018923609 -0.239799827 -0.724028587 -0.009809855 0.999185443 0.039142542 -11.870122910 0.240345225 -0.035640836 0.970032930 37.999908447
0.953529358 -0.053637009 -0.296487361 -0.602272987 0.066280380 0.997263432 0.032750338 -11.880270004 0.293919444 -0.050879709 0.954474986 38.294017792
0.956610382 0.032704882 -0.289528936 -0.703005791 -0.015645074 0.998012543 0.061042719 -11.917637825 0.290949911 -0.053864401 0.955220759 38.422943115
0.950710714 0.090337321 -0.296628237 -0.771512032 -0.073347449 0.994989693 0.067938522 -11.985242844 0.301279426 -0.042832963 0.952573359 38.501041412
0.953420103 0.034740791 -0.299638122 -0.750283241 -0.027847676 0.999240756 0.027245793 -12.023294449 0.300357163 -0.017632466 0.953663766 38.588500977
0.962121785 0.098660946 -0.254140913 -0.862437248 -0.100096822 0.994950950 0.007308725 -12.028874397 0.253578782 0.018406816 0.967139602 38.754676819
0.970007777 0.164264664 -0.179170668 -0.966914177 -0.163523376 0.986356378 0.019001983 -12.059976578 0.179847509 0.010866527 0.983634412 38.965816498
0.974488139 0.132685035 -0.181018189 -0.882858753 -0.134690568 0.990886927 0.001223938 -12.053650856 0.179530948 0.023188723 0.983478963 39.082824707
0.975625992 0.118564315 -0.184652701 -0.885868073 -0.117594607 0.992928922 0.016233804 -12.133551598 0.185271755 0.005876038 0.982669711 39.218154907
0.973680079 0.142606974 -0.177793384 -0.958792210 -0.148140177 0.988799393 -0.018175084 -12.150385857 0.173210070 0.044035055 0.983899951 39.385940552
0.972902119 0.121488169 -0.196728364 -1.048770905 -0.126845777 0.991811693 -0.014818081 -12.176947594 0.193317294 0.039370701 0.980346024 39.582485199
0.961804450 0.140305638 -0.235045612 -1.106765747 -0.150081679 0.988378823 -0.024140537 -12.230228424 0.228927091 0.058494516 0.971684456 39.771118164
0.945253432 0.109072596 -0.307569861 -1.138163567 -0.114503868 0.993422747 0.000390232 -12.284807205 0.305589467 0.034849066 0.951525450 39.969352722
0.931207478 0.115849555 -0.345588446 -1.190465927 -0.117127419 0.992966950 0.017259926 -12.343191147 0.345157444 0.024405304 0.938227415 40.146602631
0.909514129 0.116916746 -0.398891628 -1.252044678 -0.113753274 0.993003666 0.031684209 -12.395337105 0.399805337 0.016557993 0.916450500 40.330722809
0.903745115 0.127140060 -0.408754557 -1.343092918 -0.119718753 0.991840780 0.043809857 -12.449649811 0.410989374 0.009342637 0.911592185 40.519042969
0.891642094 0.090452418 -0.443613291 -1.365794182 -0.073682725 0.995767415 0.054937381 -12.496658325 0.446704954 -0.016297847 0.894532919 40.710510254
0.877730787 0.105699494 -0.467350394 -1.465841293 -0.094101489 0.994396627 0.048168261 -12.540979385 0.469823062 0.001699599 0.882759035 40.877540588
0.853526592 0.107529454 -0.509833097 -1.547798157 -0.093416512 0.994199514 0.053296417 -12.585638046 0.512606859 0.002136923 0.858620882 41.050628662
0.838346839 0.103588723 -0.535204530 -1.638093948 -0.096288294 0.994481504 0.041655250 -12.625649452 0.536566019 0.016612377 0.843694866 41.187183380
0.835236788 0.089297637 -0.542591512 -1.735687256 -0.079863951 0.995963335 0.040973477 -12.675421715 0.544059992 0.009110942 0.838996887 41.364448547
0.845677316 0.098773398 -0.524474859 -1.836957932 -0.084544837 0.995109260 0.051084805 -12.693945885 0.526955664 0.001140371 0.849892080 41.506999969
0.840710998 0.109055750 -0.530388474 -1.976608276 -0.106560960 0.993675590 0.035406243 -12.752250671 0.530895293 0.026752282 0.847015023 41.682453156
0.851753175 0.086413540 -0.516768098 -2.078559875 -0.082666256 0.996116042 0.030316619 -12.810256958 0.517380774 0.016897017 0.855588436 41.869354248
0.840968907 0.080696404 -0.535032272 -2.151391983 -0.071826644 0.996714473 0.037431944 -12.847141266 0.536295056 0.006950486 0.844001949 42.008563995
0.844650984 0.089992873 -0.527698815 -2.274412155 -0.081738405 0.995890200 0.039004434 -12.894152641 0.529040217 0.010188125 0.848535478 42.188224792
0.836559534 0.100597709 -0.538561285 -2.378326416 -0.088320889 0.994903386 0.048646875 -12.939403534 0.540710151 0.006870204 0.841180861 42.359962463
0.834996462 0.090102009 -0.542828381 -2.460638046 -0.067122616 0.995813906 0.062041145 -12.986883163 0.546146095 -0.015368078 0.837549031 42.523490906
0.852305114 0.076817252 -0.517373085 -2.537866592 -0.055255890 0.996845067 0.056980170 -13.032376289 0.520117939 -0.019976590 0.853860855 42.638442993
0.868032157 0.086413756 -0.488930255 -2.630091667 -0.068235978 0.996156633 0.054917041 -13.071491241 0.491796702 -0.014307125 0.870592415 42.775363922
0.868453205 0.071045958 -0.490654171 -2.730871201 -0.054570414 0.997363865 0.047827583 -13.129415512 0.492758662 -0.014760818 0.870040774 42.988685608
0.875626385 0.113656670 -0.469425857 -2.858676910 -0.092644475 0.993394613 0.067708164 -13.155550003 0.474020541 -0.015797351 0.880372047 43.146396637
0.875930190 0.114500657 -0.468653381 -2.940094948 -0.099114031 0.993415594 0.057462033 -13.195735931 0.472146958 -0.003882602 0.881511331 43.297904968
0.875591874 0.086041391 -0.475326806 -3.039652824 -0.060888693 0.995819032 0.068096310 -13.250758171 0.479198515 -0.030682545 0.877170086 43.529663086
0.889527678 0.133726478 -0.436872661 -3.167174339 -0.114983939 0.990953565 0.069208570 -13.286201477 0.442175508 -0.011329601 0.896856964 43.684284210
0.885113299 0.111413628 -0.451842248 -3.223449707 -0.091112658 0.993616283 0.066521786 -13.320833206 0.456369251 -0.017710768 0.889614224 43.850784302
0.871020436 0.110091202 -0.478751898 -3.307279587 -0.079317480 0.993295014 0.084105998 -13.367591858 0.484801203 -0.035284650 0.873912394 44.042179108
0.879497647 0.082965188 -0.468615651 -3.366772652 -0.060074236 0.996164620 0.063616782 -13.407610893 0.472096294 -0.027799098 0.881108522 44.186206818
0.871264279 0.088275947 -0.482810438 -3.464034081 -0.078453287 0.996092796 0.040549021 -13.448579788 0.484503448 0.002549140 0.874785542 44.359287262
0.880113244 0.078662783 -0.468201637 -3.563364983 -0.070175052 0.996900022 0.035576433 -13.499618530 0.469548821 0.001544777 0.882905245 44.541854858
0.872153997 0.104826972 -0.477868974 -3.688795090 -0.089773066 0.994480431 0.054308701 -13.540554047 0.480924368 -0.004465789 0.876750767 44.717079163
0.883650601 0.089479350 -0.459516078 -3.737569809 -0.085379355 0.995904446 0.029742975 -13.580948830 0.460295498 0.012950786 0.887671292 44.809051514
0.877278209 0.084773399 -0.472436816 -3.815757751 -0.075859264 0.996396840 0.037927371 -13.626219749 0.473949879 0.002565852 0.880548060 44.970375061
0.864186108 0.081226140 -0.496572882 -3.904966354 -0.070862070 0.996695280 0.039711572 -13.672255516 0.498157471 0.000870001 0.867086112 45.136627197
0.839915156 0.094184220 -0.534482837 -4.016958237 -0.079798564 0.995554566 0.050032482 -13.721310616 0.536819160 0.000627927 0.843697011 45.311855316
0.833236396 0.134220466 -0.536378562 -4.147502899 -0.118156150 0.990903854 0.064408928 -13.760270119 0.540144682 0.009708567 0.841516197 45.473915100
0.838635504 0.128116384 -0.529411614 -4.256216049 -0.114671320 0.991689146 0.058336802 -13.798332214 0.532485664 0.011785012 0.846356988 45.634353638
0.835862815 0.137970954 -0.531316698 -4.353265762 -0.124951661 0.990311027 0.060588576 -13.840154648 0.534528315 0.015745176 0.845003843 45.766044617
0.837244809 0.157042459 -0.523792684 -4.491130829 -0.140592217 0.987493873 0.071341842 -13.874578476 0.528445780 0.013910607 0.848853111 45.959259033
0.837512791 0.155720860 -0.523758948 -4.525100708 -0.144567251 0.987523198 0.062435351 -13.887975693 0.526946664 0.023427989 0.849575400 46.002212524
