1.000000000 0.000000000 0.000000000 0.000000000 0.000000000 1.000000000 0.000000000 0.000000000 0.000000000 0.000000000 1.000000000 0.000000000
0.999935746 -0.003128119 -0.010894186 0.006251344 0.002862087 0.999699414 -0.024350217 -0.042293824 0.010967081 0.024317473 0.999644101 0.112832509
0.999809206 0.014338558 0.013263014 -0.005399848 -0.014254661 0.999877930 -0.006398613 -0.088703543 -0.013353142 0.006208332 0.999891579 0.300392956
0.999511302 -0.000163066 0.031259596 0.005971211 0.000303612 0.999989867 -0.004491376 -0.141724497 -0.031258546 0.004498672 0.999501228 0.493087500
0.998528004 0.036720950 0.039916430 -0.069476008 -0.035550851 0.998928249 -0.029638713 -0.187778682 -0.040962007 0.028176019 0.998763323 0.642581284
0.997582972 0.024702227 0.064947799 -0.052381199 -0.024679568 0.999694765 -0.001151390 -0.243375286 -0.064956419 -0.000454279 0.997887969 0.857761800
0.998098612 0.013804561 0.060072716 -0.023703635 -0.013540879 0.999896765 -0.004794262 -0.305652559 -0.060132705 0.003971713 0.998182535 1.049682498
0.999347270 -0.021917820 0.028718140 0.020212885 0.022022672 0.999751806 -0.003339997 -0.361283988 -0.028637813 0.003970262 0.999581933 1.215399742
0.996451378 0.056011219 0.062828958 -0.038345017 -0.054927297 0.998312414 -0.018849887 -0.398334265 -0.063778743 0.015331973 0.997846305 1.396289349
0.999651074 0.019604957 0.017702252 0.017959237 -0.019355690 0.999712586 -0.014144394 -0.462987095 -0.017974459 0.013796818 0.999743283 1.613635182
0.999412715 0.028726006 0.018681908 0.011473380 -0.028171116 0.999173105 -0.029316280 -0.521876872 -0.019508600 0.028772773 0.999395609 1.771238923
0.999003530 0.030756529 0.032343127 0.009481750 -0.030462872 0.999490380 -0.009533489 -0.573318362 -0.032619864 0.008538717 0.999431431 1.977768421
0.999088407 0.021564258 0.036841687 0.032473441 -0.020756869 0.999538958 -0.022158822 -0.629316449 -0.037302542 0.021373905 0.999075413 2.143557310
0.997846425 0.025358263 0.060492732 0.034325272 -0.024130240 0.999489367 -0.020945244 -0.688458562 -0.060992986 0.019440433 0.997948885 2.340209723
0.991620600 0.022758372 0.127163485 0.063725889 -0.022917785 0.999737263 -0.000209531 -0.743822277 -0.127134860 -0.002706533 0.991881728 2.549682379
0.995415211 0.028985279 0.091150805 0.081505507 -0.029030185 0.999578297 -0.000833393 -0.793328345 -0.091136500 -0.001816552 0.995836675 2.720878601
0.996892691 -0.008114531 0.078353420 0.141564727 0.006389736 0.999732256 0.022238676 -0.865754724 -0.078512892 -0.021668909 0.996677458 2.955982208
0.996000409 -0.013592310 0.088310115 0.164880335 0.013689080 0.999906123 -0.000490233 -0.911970079 -0.088295147 0.001697156 0.996092916 3.104614019
0.996274948 0.011460055 0.085469946 0.165763259 -0.009142218 0.999580979 -0.027461046 -0.967641473 -0.085748851 0.026577357 0.995962203 3.266994953
0.996882856 0.029472444 0.073185354 0.170199454 -0.026163906 0.998609662 -0.045762129 -1.007477999 -0.074432328 0.043704662 0.996267915 3.410522699
0.999917984 -0.012155423 0.004035523 0.207329437 0.012183171 0.999901831 -0.006924131 -1.066931129 -0.003950960 0.006972728 0.999967873 3.651509762
0.997829914 -0.001890194 -0.065815538 0.211011708 0.002244727 0.999983311 0.005313250 -1.121158242 0.065804400 -0.005449458 0.997817576 3.838814259
0.991948843 0.004439584 -0.126561388 0.255916446 -0.004243192 0.999989390 0.001821300 -1.113581777 0.126568109 -0.001269611 0.991957128 3.941041231
0.998930097 0.039173432 -0.024579139 0.158346862 -0.039501123 0.999135017 -0.012991028 -1.222650766 0.024048977 0.013948032 0.999613464 4.210007191
0.998328865 0.037580784 -0.043898914 0.152467713 -0.038527671 0.999038398 -0.020926278 -1.278159857 0.043070279 0.022582633 0.998816729 4.391532421
0.996882021 0.078147799 -0.010911722 0.119636551 -0.078472137 0.996356845 -0.033391342 -1.310636401 0.008262519 0.034143493 0.999382794 4.520406723
0.997928977 0.053888809 -0.035125304 0.185489252 -0.054710418 0.998240411 -0.022864543 -1.393871784 0.033831358 0.024738912 0.999121368 4.633619785
0.997626603 0.050938651 -0.046330065 0.109556153 -0.052495342 0.998074889 -0.033027336 -1.455620766 0.044558506 0.035381068 0.998380065 4.971457958
0.996778667 0.064610966 -0.047518261 0.095680133 -0.065759376 0.997570038 -0.023013275 -1.509006500 0.045915879 0.026063912 0.998605251 5.159701824
0.997313142 0.066883348 -0.029887205 0.087971643 -0.067320123 0.997635305 -0.013853884 -1.562774301 0.028889930 0.015828673 0.999457300 5.332741261
0.999081671 0.040577151 -0.013754256 0.101194493 -0.040643699 0.999163151 -0.004593126 -1.629214168 0.013556361 0.005147932 0.999894857 5.559330940
0.999355435 0.035897192 0.000038967 0.108410768 -0.035895109 0.999284148 0.011940477 -1.690372705 0.000389684 -0.011934184 0.999928772 5.770861626
0.999349415 0.033081032 0.014365669 0.114130199 -0.033333067 0.999288023 0.017673703 -1.738462210 -0.013770781 -0.018141063 0.999740601 5.944647312
0.999358118 0.035744991 -0.002366199 0.117562473 -0.035659600 0.998926997 0.029550569 -1.792006135 0.003419945 -0.029447226 0.999560416 6.152360439
0.999696076 0.023836868 0.006285061 0.127174675 -0.023916988 0.999629438 0.012996746 -1.855692148 -0.005972930 -0.013143118 0.999895811 6.361275196
0.999925911 0.010820574 -0.005560574 0.139775813 -0.010913244 0.999797344 -0.016915377 -1.899757504 0.005376413 0.016974811 0.999841452 6.508648872
0.998719454 0.050484236 0.003294685 0.109784164 -0.050270218 0.997596920 -0.047677834 -1.941594005 -0.005693746 0.047451161 0.998857319 6.652600288
0.999480784 0.020502137 0.024857240 0.138709530 -0.020065013 0.999641836 -0.017709043 -1.994619727 -0.025211411 0.017201087 0.999534130 6.866422176
0.999641359 -0.002028335 0.026703607 0.164589018 0.002240722 0.999966145 -0.007925903 -2.075457335 -0.026686627 0.007982896 0.999611914 7.106590271
0.998094261 0.002489703 0.061657559 0.172238439 -0.003916946 0.999726892 0.023037879 -2.140530586 -0.061583355 -0.023235479 0.997831404 7.354692936
0.999017596 -0.009318162 0.043325029 0.196826667 0.008044587 0.999533057 0.029477784 -2.189130783 -0.043579478 -0.029100293 0.998626053 7.541381836
0.998990655 0.022626925 0.038802702 0.184806734 -0.024077736 0.999012530 0.037338845 -2.233889103 -0.037919521 -0.038235437 0.998549044 7.727179527
0.999755859 0.021992452 -0.002108045 0.189992696 -0.021911360 0.999219596 0.032864813 -2.274877071 0.002829179 -0.032810599 0.999457598 7.867750168
0.998981953 0.022064611 -0.039348163 0.182399809 -0.021140262 0.999494314 0.023754971 -2.316524029 0.039852403 -0.022898955 0.998943090 8.030252457
0.998684466 0.035136003 -0.037346538 0.165018439 -0.034934580 0.999371409 0.006032471 -2.384965181 0.037535023 -0.004719850 0.999284089 8.269882202
0.998140275 0.051134557 -0.033184696 0.148616761 -0.051437732 0.998641312 -0.008347047 -2.424654961 0.032712787 0.010038473 0.999414384 8.426662445
0.998395205 0.053662352 -0.018093940 0.137909412 -0.053998485 0.998367190 -0.018630067 -2.476842880 0.017064668 0.019577220 0.999662697 8.611010551
0.998473942 0.048441593 -0.026515024 0.139438227 -0.049113609 0.998472452 -0.025309363 -2.554877520 0.025248490 0.026572991 0.999327958 8.850865364
0.997825027 0.061266918 -0.024322754 0.121610790 -0.061755452 0.997893512 -0.019869186 -2.604522705 0.023054197 0.021328032 0.999506652 9.038228035
0.998484254 0.053491365 -0.012961592 0.121572621 -0.053607773 0.998523235 -0.008807104 -2.658611536 0.012471345 0.009488598 0.999877214 9.223011017
0.998709202 0.048592854 -0.014784361 0.124768928 -0.048755452 0.998751819 -0.010843897 -2.718814135 0.014238973 0.011550719 0.999831855 9.393879890
0.998861194 0.047709223 -0.000013206 0.117416240 -0.047681790 0.998277366 -0.034185737 -2.784250736 -0.001617793 0.034147445 0.999415517 9.592933655
0.997267783 0.061778322 0.040501699 0.118746161 -0.060861874 0.997870028 -0.023483817 -2.837036133 -0.041866217 0.020954646 0.998903453 9.817241669
0.997655451 0.060063988 0.032800250 0.125569522 -0.058877449 0.997615278 -0.036016580 -2.890144825 -0.034885325 0.034000944 0.998812735 9.996651649
0.998625696 0.043150216 0.029744396 0.143962204 -0.042023025 0.998411477 -0.037532888 -2.953494787 -0.031316698 0.036231361 0.998852670 10.176585197
0.995850801 0.089752838 0.015021231 0.118449628 -0.089489482 0.995836198 -0.017372863 -3.008998156 -0.016517950 0.015956534 0.999736190 10.382534027
0.997682512 0.065256491 -0.019261695 0.131025106 -0.065444715 0.997812867 -0.009308940 -3.068460703 0.018612102 0.010547947 0.999771178 10.575268745
0.998447597 0.052655280 -0.018157341 0.141747877 -0.052832548 0.998558819 -0.009424825 -3.128473282 0.017634906 0.010369490 0.999790668 10.750607491
0.996895075 0.059361417 -0.051733788 0.119452298 -0.058957282 0.998217165 0.009304672 -3.238118172 0.052193899 -0.006225700 0.998617530 11.160923004
0.995092630 0.070691213 -0.069234334 0.105544925 -0.068617716 0.997133315 0.031885725 -3.296037436 0.071289904 -0.026978552 0.997090697 11.373069763
0.995749891 0.057155713 -0.072216600 0.104209781 -0.053390045 0.997164011 0.053041615 -3.349430561 0.075043418 -0.048960540 0.995977581 11.576210022
0.994291425 0.050562780 -0.093956292 0.101613402 -0.046486206 0.997901082 0.045082767 -3.401656151 0.096038610 -0.040457744 0.994555116 11.779213905
0.995598435 0.040534738 -0.084501341 0.089868009 -0.037103385 0.998437285 0.041790113 -3.447960854 0.086063236 -0.038470894 0.995546639 11.950859070
0.996526778 0.031271040 -0.077177562 0.083622456 -0.030207131 0.999432385 0.014914599 -3.495391607 0.077600144 -0.012531484 0.996905804 12.146855354
0.997499049 0.040173534 -0.058153942 0.065985203 -0.040506911 0.999168873 -0.004564714 -3.541830063 0.057922237 0.006908935 0.998297155 12.312569618
0.997186661 0.045311976 -0.059712246 0.052779317 -0.045016307 0.998966455 0.006288176 -3.576880455 0.059935465 -0.003582463 0.998195767 12.489781380
0.996378005 0.050710682 -0.068259671 0.037642300 -0.050426275 0.998710454 0.005884338 -3.645672560 0.068470038 -0.002420944 0.997650206 12.716270447
0.996183753 0.052776750 -0.069516249 0.023672938 -0.052868921 0.998601317 0.000514515 -3.713022232 0.069446176 0.003162698 0.997580707 12.933761597
0.994550705 0.037724614 -0.097189188 0.035357475 -0.039444428 0.999096274 -0.015834784 -3.752147913 0.096504010 0.019582070 0.995139897 13.072467804
0.994039178 0.037964698 -0.102199942 0.010121226 -0.040340926 0.998959184 -0.021284483 -3.813089609 0.101285532 0.025280453 0.994536161 13.265088081
0.994238436 0.066133663 -0.084357411 -0.030693054 -0.067949526 0.997510850 -0.018836154 -3.862792492 0.082901746 0.024459675 0.996257544 13.462470055
0.995704472 0.045460828 -0.080658227 -0.029697299 -0.047453955 0.998609364 -0.022967547 -3.925424099 0.079501927 0.026696444 0.996477187 13.637249947
0.995124459 0.047120772 -0.086641066 -0.042821884 -0.048797168 0.998658359 -0.017332619 -3.984163761 0.085708089 0.021475958 0.996088803 13.831552505
0.995481908 0.049056411 -0.081295647 -0.056739926 -0.050774124 0.998525620 -0.019197103 -4.039405823 0.080234051 0.023238083 0.996505141 14.018671989
0.996396303 0.058166545 -0.061732866 -0.080535948 -0.059619617 0.997979701 -0.021961594 -4.102050304 0.060330700 0.025562942 0.997851074 14.216257095
0.995863318 0.063624673 -0.064870954 -0.099466085 -0.064535610 0.997842789 -0.012042611 -4.149937153 0.063964814 0.016179278 0.997821093 14.399077415
0.993608177 0.041752961 -0.104878373 -0.083620071 -0.043761961 0.998898506 -0.016926903 -4.216773033 0.104056112 0.021408392 0.994341135 14.575195312
0.993565142 0.062775627 -0.094274022 -0.126289248 -0.065626822 0.997466564 -0.027451172 -4.272262096 0.092311919 0.033461433 0.995167792 14.767601967
0.991717160 0.093351565 -0.088217966 -0.167068958 -0.096393757 0.994864523 -0.030868843 -4.325218201 0.084883280 0.039116818 0.995622754 14.968680382
0.995191038 0.057795200 -0.079086192 -0.156663299 -0.059681088 0.997981727 -0.021691803 -4.388411045 0.077672921 0.026307438 0.996631742 15.155633926
0.996164620 0.062071737 -0.061670244 -0.172190547 -0.063236296 0.997851849 -0.017112836 -4.454147339 0.060475547 0.020947000 0.997949898 15.355112076
0.996841729 0.044990100 -0.065440439 -0.176619768 -0.045978356 0.998848975 -0.013674086 -4.521236897 0.064749904 0.016639743 0.997762740 15.580700874
0.996596277 0.050518550 -0.065145239 -0.195292234 -0.051388863 0.998609602 -0.011752767 -4.585143089 0.064460933 0.015060503 0.997806609 15.787417412
0.997242272 0.035472929 -0.065188386 -0.188455343 -0.037816424 0.998669028 -0.035074107 -4.633193016 0.063857429 0.037442572 0.997256458 15.933486938
0.998501360 0.046896722 -0.028209060 -0.208442912 -0.047334734 0.998765469 -0.015065115 -4.692130089 0.027467716 0.016377805 0.999488533 16.148689270
0.998976469 0.036970753 -0.026062731 -0.199923038 -0.037210710 0.999268889 -0.008782621 -4.753355980 0.025718976 0.009743442 0.999621749 16.340555191
0.996717453 0.075968809 -0.027981587 -0.234761596 -0.076372661 0.996985734 -0.013656796 -4.807660580 0.026859745 0.015748993 0.999515176 16.524175644
0.998920977 0.028784858 -0.036445361 -0.202403069 -0.028933303 0.999575019 -0.003552000 -4.858816624 0.036327630 0.004602653 0.999329329 16.676332474
0.999603331 0.024419000 -0.014026532 -0.210666537 -0.024539677 0.999662757 -0.008496273 -4.929589272 0.013814328 0.008837109 0.999865532 16.927003860
0.999551654 0.029569345 -0.004706670 -0.211436361 -0.029608525 0.999525547 -0.008484326 -4.984086514 0.004453562 0.008619880 0.999952972 17.108182907
0.997661293 0.062818736 0.026940186 -0.237379134 -0.062541999 0.997981727 -0.010995393 -5.018384457 -0.027576525 0.009284785 0.999576569 17.236209869
0.998439431 0.038811821 0.040153410 -0.209230125 -0.037784986 0.998946905 -0.026023343 -5.093936920 -0.041121148 0.024465535 0.998854578 17.464088440
0.999134541 0.036284041 0.020335805 -0.199729323 -0.035801739 0.999080241 -0.023599228 -5.164087772 -0.021173369 0.022850744 0.999514699 17.698486328
0.999685168 0.016822394 0.018612752 -0.186553538 -0.016275374 0.999442220 -0.029160615 -5.201151371 -0.019092921 0.028848510 0.999401450 17.803663254
0.998470306 0.037329562 0.040787484 -0.197653651 -0.035942111 0.998767316 -0.034236349 -5.253497601 -0.042015236 0.032717992 0.998581171 17.987491608
0.999664307 0.024233123 0.009156033 -0.168142691 -0.023974422 0.999337673 -0.027380202 -5.330764771 -0.009813478 0.027151506 0.999583125 18.204940796
0.998229861 0.047453608 0.035851080 -0.183978438 -0.046708640 0.998680532 -0.021339504 -5.401892185 -0.036816414 0.019627172 0.999129295 18.466518402
0.998905599 0.033659924 0.032475691 -0.168861508 -0.032968897 0.999223173 -0.021584513 -5.460279942 -0.033176996 0.020490203 0.999239445 18.632287979
0.998750925 0.032646094 0.037824880 -0.162096500 -0.031908885 0.999291956 -0.019932719 -5.513458252 -0.038448818 0.018700870 0.999085605 18.806081772
0.997937262 0.048219685 0.042382523 -0.166202426 -0.047028814 0.998482347 -0.028660484 -5.563701630 -0.043700203 0.026608162 0.998690307 18.981412888
0.998707831 0.040064864 0.031266700 -0.149072468 -0.039402340 0.998991489 -0.021525856 -5.639031887 -0.032097608 0.020266060 0.999279320 19.218978882
0.999043882 0.028264374 0.033352561 -0.130037546 -0.027412161 0.999292791 -0.025738049 -5.708484650 -0.034056455 0.024799176 0.999112189 19.427631378
0.998743474 0.036052335 0.034810308 -0.128288448 -0.035535708 0.999250531 -0.015347719 -5.756500244 -0.035337549 0.014091425 0.999276102 19.608888626
0.998844862 0.034105431 0.033846911 -0.119338691 -0.033921849 0.999406636 -0.005983705 -5.810056210 -0.034030899 0.004828645 0.999409139 19.792591095
0.998865783 0.034540754 0.032772716 -0.112278283 -0.034242116 0.999367237 -0.009630557 -5.866945744 -0.033084627 0.008497426 0.999416411 19.970386505
0.999222875 0.038548097 0.008225631 -0.101714939 -0.038429972 0.999162257 -0.014065883 -5.932960033 -0.008760955 0.013738839 0.999867260 20.196844101
0.999028623 0.044016629 0.002090126 -0.107111588 -0.043975689 0.998892784 -0.016711049 -5.987023830 -0.002823377 0.016602902 0.999858141 20.369199753
0.998811245 0.045529284 0.017412871 -0.104479551 -0.045163926 0.998762369 -0.020829109 -6.046901703 -0.018339656 0.020017914 0.999631345 20.565505981
0.997994542 0.062112257 -0.012214925 -0.121360898 -0.062284727 0.997956276 -0.014285783 -6.114266396 0.011302640 0.015017938 0.999823272 20.778844833
0.998350680 0.054376099 0.018415958 -0.107340276 -0.054019503 0.998352647 -0.019337095 -6.162829876 -0.019437097 0.018310381 0.999643385 20.927536011
0.995316207 0.069970876 0.066705875 -0.182575703 -0.068376645 0.997323453 -0.025893148 -6.233165741 -0.068339095 0.021210745 0.997436762 21.117630005
0.991445541 0.062654436 0.114499241 -0.177479744 -0.061591402 0.998019397 -0.012801934 -6.284826756 -0.115074545 0.005640255 0.993340790 21.324438095
0.993247747 0.048783317 0.105257399 -0.148084641 -0.046792272 0.998677373 -0.021304715 -6.322449207 -0.106157497 0.016235627 0.994216859 21.452260971
0.998157799 0.003132138 0.060591880 -0.073356867 -0.000893917 0.999317467 -0.036931261 -6.404372692 -0.060666203 0.036809061 0.997479141 21.652559280
0.993956506 0.031969838 0.105015196 -0.075501204 -0.028723197 0.999065936 -0.032284472 -6.452270508 -0.105949238 0.029072991 0.993946433 21.816492081
0.992192626 0.036652651 0.119207032 -0.052489758 -0.030933758 0.998296142 -0.049476601 -6.505466461 -0.120817386 0.045402791 0.991635919 21.975999832
0.991956055 0.042245615 0.119324878 -0.016184330 -0.039209973 0.998847783 -0.027675407 -6.577355385 -0.120356537 0.022774063 0.992469549 22.232866287
0.994696319 0.034381222 0.096938491 0.010156870 -0.029833147 0.998402596 -0.047982719 -6.638275623 -0.098433346 0.044836249 0.994133055 22.381677628
0.993935823 0.017185627 0.108610384 0.047657967 -0.014383296 0.999544501 -0.026532684 -6.710482121 -0.109016910 0.024809610 0.993730307 22.598503113
0.996329188 0.000874550 0.085599959 0.083280325 0.001433094 0.999637246 -0.026893320 -6.748464108 -0.085592426 0.026917271 0.995966554 22.734889984
0.994895756 0.017399410 0.099396810 0.099529743 -0.014358056 0.999408960 -0.031231984 -6.817945480 -0.099881500 0.029645424 0.994557619 22.964384079
0.991444051 0.059110537 0.116381660 0.083142281 -0.055977419 0.997980833 -0.030010853 -6.868347168 -0.117920622 0.023239335 0.992751062 23.131198883
0.995027661 0.020190071 0.097529612 0.136566162 -0.017108610 0.999330759 -0.032328807 -6.939694405 -0.098117068 0.030499466 0.994707346 23.331689835
0.993022084 0.018893981 0.116405591 0.164149761 -0.016162066 0.999572337 -0.024368381 -6.998771667 -0.116816230 0.022316977 0.992902756 23.543909073
0.992680013 0.013831940 0.119979590 0.189709187 -0.010257184 0.999486327 -0.030361271 -7.053164482 -0.120337911 0.028908372 0.992312074 23.693515778
0.988929093 0.021595981 0.146809086 0.201240540 -0.017381432 0.999400854 -0.029930294 -7.113053799 -0.147367492 0.027047182 0.988711953 23.884172440
0.990648627 -0.005862321 0.136312246 0.263649225 0.008960127 0.999715030 -0.022123411 -7.176449299 -0.136143699 0.023137901 0.990418851 24.085287094
0.984034479 -0.009193720 0.177740410 0.297569036 0.011302889 0.999877095 -0.010857664 -7.232392311 -0.177618772 0.012693297 0.984017491 24.283691406
0.983026624 0.020249901 0.182341814 0.318241119 -0.014478708 0.999352872 -0.032926310 -7.287597179 -0.182890579 0.029727373 0.982683718 24.445116043
0.981140673 -0.009110999 0.193080157 0.390833855 0.008663038 0.999957383 0.003164251 -7.345373631 -0.193100810 -0.001431914 0.981177866 24.654199600
0.985588968 0.006595895 0.169029176 0.423790693 -0.004147517 0.999881327 -0.014833941 -7.406866550 -0.169106960 0.013919117 0.985499442 24.817499161
0.983695447 0.003528927 0.179807276 0.464142799 -0.001402708 0.999927640 -0.011950755 -7.448735237 -0.179836407 0.011503688 0.983629286 25.004201889
0.993046880 -0.015684782 0.116669357 0.531427622 0.018359773 0.999591887 -0.021888625 -7.514457226 -0.116278395 0.023878455 0.992929578 25.180238724
0.993996799 0.010552384 0.108899094 0.535941839 -0.008121789 0.999708414 -0.022739183 -7.568626404 -0.109107293 0.021718219 0.993792713 25.297121048
0.989904821 -0.008054255 0.141504183 0.544678211 0.008425423 0.999962449 -0.002024084 -7.616415501 -0.141482562 0.003195882 0.989935517 25.539026260
0.995147347 0.021688137 0.095975488 0.559948683 -0.019201394 0.999457419 -0.026758475 -7.679915428 -0.096503779 0.024785765 0.995023966 25.747711182
0.989388049 0.050175808 0.136358976 0.555103779 -0.047028556 0.998549640 -0.026206933 -7.735406399 -0.137476161 0.019516062 0.990312874 25.942066193
0.992648363 0.001395804 0.121026643 0.618362904 0.002078786 0.999589324 -0.028578307 -7.805911541 -0.121016838 0.028619802 0.992237747 26.096828461
0.991471052 0.014239572 0.129546613 0.645919323 -0.012701100 0.999838710 -0.012694293 -7.858079910 -0.129706517 0.010940639 0.991492093 26.341108322
0.994559467 -0.031325135 0.099348575 0.706931233 0.033573903 0.999214709 -0.021044150 -7.903882027 -0.098611347 0.024265178 0.994830191 26.476596832
0.993910849 -0.031876307 0.105476305 0.752172470 0.033813380 0.999289751 -0.016627554 -7.963475227 -0.104871392 0.020092821 0.994282782 26.664438248
0.991624594 -0.011235557 0.128663555 0.760703802 0.009895264 0.999889910 0.011051565 -8.030290604 -0.128773585 -0.009685845 0.991626680 26.901056290
0.991829157 -0.007639156 0.127343848 0.799276829 0.009609023 0.999843419 -0.014861722 -8.077095032 -0.127210364 0.015963942 0.991747379 27.044071198
0.994811833 -0.011634820 0.101064205 0.832292795 0.013021811 0.999829710 -0.013074979 -8.121154785 -0.100894861 0.014323183 0.994794130 27.194585800
0.993099928 -0.026293002 0.114285998 0.866730928 0.025593273 0.999643683 0.007585814 -8.172067642 -0.114444718 -0.004608519 0.993418932 27.402002335
0.994531214 -0.023109592 0.101851411 0.905210137 0.022246335 0.999706388 0.009603522 -8.240789413 -0.102043435 -0.007285183 0.994753301 27.624322891
0.996576071 0.001680042 0.082663789 0.904805303 -0.003592259 0.999729276 0.022989169 -8.289987564 -0.082602769 -0.023207404 0.996312320 27.776271820
0.997209549 0.015497644 0.073026739 0.942727208 -0.017334480 0.999547422 0.024586547 -8.430906296 -0.072612666 -0.025783814 0.997026801 27.689483643
0.996118128 0.007965460 0.087664254 0.970446825 -0.010314755 0.999598742 0.026378494 -8.481021881 -0.087418966 -0.027180338 0.995800793 27.926557541
0.996524274 0.016840592 0.081583306 0.979226232 -0.017828535 0.999776125 0.011396330 -8.536688805 -0.081373118 -0.012811226 0.996601343 28.097711563
0.997261941 0.003198244 0.073880300 1.011489868 -0.005478002 0.999514341 0.030675527 -8.590727806 -0.073746324 -0.030996256 0.996795177 28.324756622
0.995799422 0.045662139 0.079362057 0.991690278 -0.047233369 0.998721123 0.018034194 -8.624937057 -0.078437082 -0.021706978 0.996682703 28.482860565
0.999298453 0.014572562 0.034500081 1.038244247 -0.015508766 0.999514341 0.027026098 -8.672928810 -0.034089487 -0.027542191 0.999039233 28.646833420
0.999194264 0.022725279 0.033080202 1.047250152 -0.023319995 0.999571323 0.017704623 -8.737350464 -0.032663677 -0.018461792 0.999295950 28.893249512
0.999185383 0.001505797 0.040327765 1.071632385 -0.002478197 0.999707103 0.024073206 -8.790345192 -0.040279701 -0.024153534 0.998896480 29.094915390
0.999131680 0.020596733 0.036216408 1.060963988 -0.021638311 0.999356449 0.028607015 -8.824454308 -0.035603892 -0.029365834 0.998934507 29.251567841
0.999603391 0.002104389 0.028080193 1.097315192 -0.002348471 0.999959707 0.008662196 -8.891427994 -0.028060833 -0.008724705 0.999568105 29.451938629
0.999977410 0.006528183 -0.001579423 1.097405910 -0.006486338 0.999661744 0.025187898 -8.936665535 0.001743322 -0.025177082 0.999681532 29.662086487
0.999134839 0.029030738 0.029776843 1.082710147 -0.029373938 0.999506235 0.011153672 -8.979023933 -0.029438341 -0.012018685 0.999494374 29.848016739
0.999790907 0.016148807 0.012549287 1.108585238 -0.016578477 0.999252379 0.034924150 -9.028193474 -0.011975920 -0.035124898 0.999311209 30.052614212
0.999508023 0.029868839 0.009570632 1.106238723 -0.030133288 0.999131083 0.028794073 -9.073689461 -0.008702273 -0.029068306 0.999539554 30.213352203
0.999522388 -0.028195484 -0.012650783 1.164029360 0.028587718 0.999079704 0.031976070 -9.145791054 0.011737560 -0.032322463 0.999408543 30.442003250
0.999959826 -0.008534856 -0.002758245 1.146403074 0.008616261 0.999482632 0.030987795 -9.185041428 0.002492342 -0.031010322 0.999515891 30.638124466
0.998905599 0.046175510 -0.007447731 1.114149570 -0.046057213 0.998820901 0.015340924 -9.212719917 0.008147325 -0.014981113 0.999854624 30.776695251
0.998968959 0.023002151 -0.039139554 1.138810992 -0.021892201 0.999352396 0.028554795 -9.282565117 0.039771028 -0.027668504 0.998825669 31.012670517
0.997830391 0.040050354 -0.052253984 1.129299760 -0.038577504 0.998837590 0.028897090 -9.318305016 0.053350583 -0.026818568 0.998215675 31.170186996
0.998409986 0.037215006 -0.042338219 1.113645196 -0.035792116 0.998784661 0.033883635 -9.366413116 0.043547738 -0.032314386 0.998528600 31.369150162
0.999023855 0.044034444 0.003509507 1.111999869 -0.044145923 0.998067260 0.043735605 -9.424682617 -0.001576845 -0.043847844 0.999036968 31.611925125
0.996479392 0.042033732 0.072539754 1.029349685 -0.043976590 0.998709679 0.025396803 -9.443342209 -0.071378633 -0.028497439 0.997042120 31.663909912
0.992564201 0.058706172 0.106629729 1.034163475 -0.065732904 0.995806873 0.063623138 -9.472211838 -0.102447547 -0.070159122 0.992261112 31.871606827
0.997224569 0.008369698 0.073979691 1.095142603 -0.014139283 0.996867657 0.077812843 -9.517576218 -0.073096693 -0.078642905 0.994219303 32.056312561
0.990541041 0.051555064 0.127163172 1.193035841 -0.060508020 0.995877683 0.067575686 -9.554848671 -0.123155087 -0.074630886 0.989577234 32.370296478
0.982560456 0.059284236 0.176239103 1.307600975 -0.078695297 0.991324902 0.105271533 -9.753092766 -0.168469250 -0.117304847 0.978702068 32.550331116
0.995309412 0.026875379 0.092934497 1.256705284 -0.033064783 0.997290552 0.065714471 -9.626621246 -0.090916589 -0.068479091 0.993501306 32.704246521
0.996834278 0.056585327 0.055851743 1.256858349 -0.060002983 0.996299505 0.061540164 -9.670949936 -0.052162774 -0.064696632 0.996540785 32.890541077
0.994338989 0.042684339 0.097303130 1.302230954 -0.046458527 0.998240173 0.036857247 -9.707466125 -0.095558658 -0.041169167 0.994572163 33.068347931
0.987388194 0.008342332 0.158097923 1.347752333 -0.021458426 0.996447504 0.081437595 -9.757087708 -0.156856894 -0.083803065 0.984059453 33.321994781
0.982606769 0.059302103 0.175974578 1.504650354 -0.095241860 0.974445999 0.203430548 -10.188255310 -0.159413859 -0.216652393 0.963145494 33.233119965
0.982606769 0.059302103 0.175974578 1.504650354 -0.095241860 0.974445999 0.203430548 -10.188255310 -0.159413859 -0.216652393 0.963145494 33.233119965
0.982606769 0.059302103 0.175974578 1.504650354 -0.095241860 0.974445999 0.203430548 -10.188255310 -0.159413859 -0.216652393 0.963145494 33.233119965
0.996794760 0.079157233 -0.011588588 0.848402381 -0.078772016 0.996423125 0.030594945 -9.528200150 0.013968952 -0.029584020 0.999464750 32.000175476
0.996794760 0.079157233 -0.011588588 0.848402381 -0.078772016 0.996423125 0.030594945 -9.528200150 0.013968952 -0.029584020 0.999464750 32.000175476
0.996794760 0.079157233 -0.011588588 0.848402381 -0.078772016 0.996423125 0.030594945 -9.528200150 0.013968952 -0.029584020 0.999464750 32.000175476
0.996794760 0.079157233 -0.011588588 0.848402381 -0.078772016 0.996423125 0.030594945 -9.528200150 0.013968952 -0.029584020 0.999464750 32.000175476
0.996794760 0.079157233 -0.011588588 0.848402381 -0.078772016 0.996423125 0.030594945 -9.528200150 0.013968952 -0.029584020 0.999464750 32.000175476
0.996794760 0.079157233 -0.011588588 0.848402381 -0.078772016 0.996423125 0.030594945 -9.528200150 0.013968952 -0.029584020 0.999464750 32.000175476
0.996794760 0.079157233 -0.011588588 0.848402381 -0.078772016 0.996423125 0.030594945 -9.528200150 0.013968952 -0.029584020 0.999464750 32.000175476
0.996794760 0.079157233 -0.011588588 0.848402381 -0.078772016 0.996423125 0.030594945 -9.528200150 0.013968952 -0.029584020 0.999464750 32.000175476
0.996794760 0.079157233 -0.011588588 0.848402381 -0.078772016 0.996423125 0.030594945 -9.528200150 0.013968952 -0.029584020 0.999464750 32.000175476
0.996794760 0.079157233 -0.011588588 0.848402381 -0.078772016 0.996423125 0.030594945 -9.528200150 0.013968952 -0.029584020 0.999464750 32.000175476
0.996794760 0.079157233 -0.011588588 0.848402381 -0.078772016 0.996423125 0.030594945 -9.528200150 0.013968952 -0.029584020 0.999464750 32.000175476
0.996794760 0.079157233 -0.011588588 0.848402381 -0.078772016 0.996423125 0.030594945 -9.528200150 0.013968952 -0.029584020 0.999464750 32.000175476
0.996794760 0.079157233 -0.011588588 0.848402381 -0.078772016 0.996423125 0.030594945 -9.528200150 0.013968952 -0.029584020 0.999464750 32.000175476
0.996794760 0.079157233 -0.011588588 0.848402381 -0.078772016 0.996423125 0.030594945 -9.528200150 0.013968952 -0.029584020 0.999464750 32.000175476
0.996794760 0.079157233 -0.011588588 0.848402381 -0.078772016 0.996423125 0.030594945 -9.528200150 0.013968952 -0.029584020 0.999464750 32.000175476
0.996794760 0.079157233 -0.011588588 0.848402381 -0.078772016 0.996423125 0.030594945 -9.528200150 0.013968952 -0.029584020 0.999464750 32.000175476
0.996794760 0.079157233 -0.011588588 0.848402381 -0.078772016 0.996423125 0.030594945 -9.528200150 0.013968952 -0.029584020 0.999464750 32.000175476
0.996794760 0.079157233 -0.011588588 0.848402381 -0.078772016 0.996423125 0.030594945 -9.528200150 0.013968952 -0.029584020 0.999464750 32.000175476
0.996794760 0.079157233 -0.011588588 0.848402381 -0.078772016 0.996423125 0.030594945 -9.528200150 0.013968952 -0.029584020 0.999464750 32.000175476
0.996794760 0.079157233 -0.011588588 0.848402381 -0.078772016 0.996423125 0.030594945 -9.528200150 0.013968952 -0.029584020 0.999464750 32.000175476
0.996794760 0.079157233 -0.011588588 0.848402381 -0.078772016 0.996423125 0.030594945 -9.528200150 0.013968952 -0.029584020 0.999464750 32.000175476
0.996794760 0.079157233 -0.011588588 0.848402381 -0.078772016 0.996423125 0.030594945 -9.528200150 0.013968952 -0.029584020 0.999464750 32.000175476
0.996794760 0.079157233 -0.011588588 0.848402381 -0.078772016 0.996423125 0.030594945 -9.528200150 0.013968952 -0.029584020 0.999464750 32.000175476
0.996794760 0.079157233 -0.011588588 0.848402381 -0.078772016 0.996423125 0.030594945 -9.528200150 0.013968952 -0.029584020 0.999464750 32.000175476
0.996794760 0.079157233 -0.011588588 0.848402381 -0.078772016 0.996423125 0.030594945 -9.528200150 0.013968952 -0.029584020 0.999464750 32.000175476
0.996794760 0.079157233 -0.011588588 0.848402381 -0.078772016 0.996423125 0.030594945 -9.528200150 0.013968952 -0.029584020 0.999464750 32.000175476
0.996794760 0.079157233 -0.011588588 0.848402381 -0.078772016 0.996423125 0.030594945 -9.528200150 0.013968952 -0.029584020 0.999464750 32.000175476
0.996794760 0.079157233 -0.011588588 0.848402381 -0.078772016 0.996423125 0.030594945 -9.528200150 0.013968952 -0.029584020 0.999464750 32.000175476
0.996794760 0.079157233 -0.011588588 0.848402381 -0.078772016 0.996423125 0.030594945 -9.528200150 0.013968952 -0.029584020 0.999464750 32.000175476
0.996794760 0.079157233 -0.011588588 0.848402381 -0.078772016 0.996423125 0.030594945 -9.528200150 0.013968952 -0.029584020 0.999464750 32.000175476
0.996794760 0.079157233 -0.011588588 0.848402381 -0.078772016 0.996423125 0.030594945 -9.528200150 0.013968952 -0.029584020 0.999464750 32.000175476
0.996794760 0.079157233 -0.011588588 0.848402381 -0.078772016 0.996423125 0.030594945 -9.528200150 0.013968952 -0.029584020 0.999464750 32.000175476
0.996794760 0.079157233 -0.011588588 0.848402381 -0.078772016 0.996423125 0.030594945 -9.528200150 0.013968952 -0.029584020 0.999464750 32.000175476
0.996794760 0.079157233 -0.011588588 0.848402381 -0.078772016 0.996423125 0.030594945 -9.528200150 0.013968952 -0.029584020 0.999464750 32.000175476
0.996794760 0.079157233 -0.011588588 0.848402381 -0.078772016 0.996423125 0.030594945 -9.528200150 0.013968952 -0.029584020 0.999464750 32.000175476
0.996794760 0.079157233 -0.011588588 0.848402381 -0.078772016 0.996423125 0.030594945 -9.528200150 0.013968952 -0.029584020 0.999464750 32.000175476
0.996794760 0.079157233 -0.011588588 0.848402381 -0.078772016 0.996423125 0.030594945 -9.528200150 0.013968952 -0.029584020 0.999464750 32.000175476
0.996794760 0.079157233 -0.011588588 0.848402381 -0.078772016 0.996423125 0.030594945 -9.528200150 0.013968952 -0.029584020 0.999464750 32.000175476
0.996794760 0.079157233 -0.011588588 0.848402381 -0.078772016 0.996423125 0.030594945 -9.528200150 0.013968952 -0.029584020 0.999464750 32.000175476
0.996794760 0.079157233 -0.011588588 0.848402381 -0.078772016 0.996423125 0.030594945 -9.528200150 0.013968952 -0.029584020 0.999464750 32.000175476
0.996794760 0.079157233 -0.011588588 0.848402381 -0.078772016 0.996423125 0.030594945 -9.528200150 0.013968952 -0.029584020 0.999464750 32.000175476
0.996794760 0.079157233 -0.011588588 0.848402381 -0.078772016 0.996423125 0.030594945 -9.528200150 0.013968952 -0.029584020 0.999464750 32.000175476
0.996794760 0.079157233 -0.011588588 0.848402381 -0.078772016 0.996423125 0.030594945 -9.528200150 0.013968952 -0.029584020 0.999464750 32.000175476
0.996794760 0.079157233 -0.011588588 0.848402381 -0.078772016 0.996423125 0.030594945 -9.528200150 0.013968952 -0.029584020 0.999464750 32.000175476
0.996794760 0.079157233 -0.011588588 0.848402381 -0.078772016 0.996423125 0.030594945 -9.528200150 0.013968952 -0.029584020 0.999464750 32.000175476
0.996794760 0.079157233 -0.011588588 0.848402381 -0.078772016 0.996423125 0.030594945 -9.528200150 0.013968952 -0.029584020 0.999464750 32.000175476
0.996794760 0.079157233 -0.011588588 0.848402381 -0.078772016 0.996423125 0.030594945 -9.528200150 0.013968952 -0.029584020 0.999464750 32.000175476
0.996794760 0.079157233 -0.011588588 0.848402381 -0.078772016 0.996423125 0.030594945 -9.528200150 0.013968952 -0.029584020 0.999464750 32.000175476
0.996794760 0.079157233 -0.011588588 0.848402381 -0.078772016 0.996423125 0.030594945 -9.528200150 0.013968952 -0.029584020 0.999464750 32.000175476
0.996794760 0.079157233 -0.011588588 0.848402381 -0.078772016 0.996423125 0.030594945 -9.528200150 0.013968952 -0.029584020 0.999464750 32.000175476
0.996794760 0.079157233 -0.011588588 0.848402381 -0.078772016 0.996423125 0.030594945 -9.528200150 0.013968952 -0.029584020 0.999464750 32.000175476
0.996794760 0.079157233 -0.011588588 0.848402381 -0.078772016 0.996423125 0.030594945 -9.528200150 0.013968952 -0.029584020 0.999464750 32.000175476
0.996794760 0.079157233 -0.011588588 0.848402381 -0.078772016 0.996423125 0.030594945 -9.528200150 0.013968952 -0.029584020 0.999464750 32.000175476
0.996794760 0.079157233 -0.011588588 0.848402381 -0.078772016 0.996423125 0.030594945 -9.528200150 0.013968952 -0.029584020 0.999464750 32.000175476
0.996794760 0.079157233 -0.011588588 0.848402381 -0.078772016 0.996423125 0.030594945 -9.528200150 0.013968952 -0.029584020 0.999464750 32.000175476
0.996794760 0.079157233 -0.011588588 0.848402381 -0.078772016 0.996423125 0.030594945 -9.528200150 0.013968952 -0.029584020 0.999464750 32.000175476
0.996794760 0.079157233 -0.011588588 0.848402381 -0.078772016 0.996423125 0.030594945 -9.528200150 0.013968952 -0.029584020 0.999464750 32.000175476
0.996794760 0.079157233 -0.011588588 0.848402381 -0.078772016 0.996423125 0.030594945 -9.528200150 0.013968952 -0.029584020 0.999464750 32.000175476
0.996794760 0.079157233 -0.011588588 0.848402381 -0.078772016 0.996423125 0.030594945 -9.528200150 0.013968952 -0.029584020 0.999464750 32.000175476
0.996794760 0.079157233 -0.011588588 0.848402381 -0.078772016 0.996423125 0.030594945 -9.528200150 0.013968952 -0.029584020 0.999464750 32.000175476
0.996794760 0.079157233 -0.011588588 0.848402381 -0.078772016 0.996423125 0.030594945 -9.528200150 0.013968952 -0.029584020 0.999464750 32.000175476
0.996794760 0.079157233 -0.011588588 0.848402381 -0.078772016 0.996423125 0.030594945 -9.528200150 0.013968952 -0.029584020 0.999464750 32.000175476
0.996794760 0.079157233 -0.011588588 0.848402381 -0.078772016 0.996423125 0.030594945 -9.528200150 0.013968952 -0.029584020 0.999464750 32.000175476
0.996794760 0.079157233 -0.011588588 0.848402381 -0.078772016 0.996423125 0.030594945 -9.528200150 0.013968952 -0.029584020 0.999464750 32.000175476
0.996794760 0.079157233 -0.011588588 0.848402381 -0.078772016 0.996423125 0.030594945 -9.528200150 0.013968952 -0.029584020 0.999464750 32.000175476
0.996794760 0.079157233 -0.011588588 0.848402381 -0.078772016 0.996423125 0.030594945 -9.528200150 0.013968952 -0.029584020 0.999464750 32.000175476
0.996794760 0.079157233 -0.011588588 0.848402381 -0.078772016 0.996423125 0.030594945 -9.528200150 0.013968952 -0.029584020 0.999464750 32.000175476
0.996794760 0.079157233 -0.011588588 0.848402381 -0.078772016 0.996423125 0.030594945 -9.528200150 0.013968952 -0.029584020 0.999464750 32.000175476
0.996794760 0.079157233 -0.011588588 0.848402381 -0.078772016 0.996423125 0.030594945 -9.528200150 0.013968952 -0.029584020 0.999464750 32.000175476
0.996794760 0.079157233 -0.011588588 0.848402381 -0.078772016 0.996423125 0.030594945 -9.528200150 0.013968952 -0.029584020 0.999464750 32.000175476
0.996794760 0.079157233 -0.011588588 0.848402381 -0.078772016 0.996423125 0.030594945 -9.528200150 0.013968952 -0.029584020 0.999464750 32.000175476
0.996794760 0.079157233 -0.011588588 0.848402381 -0.078772016 0.996423125 0.030594945 -9.528200150 0.013968952 -0.029584020 0.999464750 32.000175476
0.996794760 0.079157233 -0.011588588 0.848402381 -0.078772016 0.996423125 0.030594945 -9.528200150 0.013968952 -0.029584020 0.999464750 32.000175476
0.996794760 0.079157233 -0.011588588 0.848402381 -0.078772016 0.996423125 0.030594945 -9.528200150 0.013968952 -0.029584020 0.999464750 32.000175476
0.996794760 0.079157233 -0.011588588 0.848402381 -0.078772016 0.996423125 0.030594945 -9.528200150 0.013968952 -0.029584020 0.999464750 32.000175476
0.996794760 0.079157233 -0.011588588 0.848402381 -0.078772016 0.996423125 0.030594945 -9.528200150 0.013968952 -0.029584020 0.999464750 32.000175476
0.996794760 0.079157233 -0.011588588 0.848402381 -0.078772016 0.996423125 0.030594945 -9.528200150 0.013968952 -0.029584020 0.999464750 32.000175476
0.996794760 0.079157233 -0.011588588 0.848402381 -0.078772016 0.996423125 0.030594945 -9.528200150 0.013968952 -0.029584020 0.999464750 32.000175476
0.996794760 0.079157233 -0.011588588 0.848402381 -0.078772016 0.996423125 0.030594945 -9.528200150 0.013968952 -0.029584020 0.999464750 32.000175476
0.996794760 0.079157233 -0.011588588 0.848402381 -0.078772016 0.996423125 0.030594945 -9.528200150 0.013968952 -0.029584020 0.999464750 32.000175476
0.996794760 0.079157233 -0.011588588 0.848402381 -0.078772016 0.996423125 0.030594945 -9.528200150 0.013968952 -0.029584020 0.999464750 32.000175476
0.996794760 0.079157233 -0.011588588 0.848402381 -0.078772016 0.996423125 0.030594945 -9.528200150 0.013968952 -0.029584020 0.999464750 32.000175476
0.996794760 0.079157233 -0.011588588 0.848402381 -0.078772016 0.996423125 0.030594945 -9.528200150 0.013968952 -0.029584020 0.999464750 32.000175476
0.996794760 0.079157233 -0.011588588 0.848402381 -0.078772016 0.996423125 0.030594945 -9.528200150 0.013968952 -0.029584020 0.999464750 32.000175476
0.996794760 0.079157233 -0.011588588 0.848402381 -0.078772016 0.996423125 0.030594945 -9.528200150 0.013968952 -0.029584020 0.999464750 32.000175476
0.996794760 0.079157233 -0.011588588 0.848402381 -0.078772016 0.996423125 0.030594945 -9.528200150 0.013968952 -0.029584020 0.999464750 32.000175476
0.996794760 0.079157233 -0.011588588 0.848402381 -0.078772016 0.996423125 0.030594945 -9.528200150 0.013968952 -0.029584020 0.999464750 32.000175476
0.996794760 0.079157233 -0.011588588 0.848402381 -0.078772016 0.996423125 0.030594945 -9.528200150 0.013968952 -0.029584020 0.999464750 32.000175476
