1.000000000 0.000000000 0.000000000 0.000000000 0.000000000 1.000000000 0.000000000 0.000000000 0.000000000 0.000000000 1.000000000 0.000000000
0.999938965 -0.002538853 -0.010754137 0.005680026 0.002277258 0.999702871 -0.024267836 -0.042720698 0.010812555 0.024241863 0.999647677 0.113058798
0.999807179 0.014478637 0.013266700 -0.005139781 -0.014391703 0.999874473 -0.006624997 -0.088593461 -0.013360956 0.006432789 0.999890029 0.301301569
0.999510705 -0.000132879 0.031278923 0.006861081 0.000276738 0.999989331 -0.004594965 -0.142461717 -0.031277977 0.004601372 0.999500096 0.493710577
0.998871446 0.030235885 0.036628880 -0.062025964 -0.029306879 0.999241531 -0.025639497 -0.192474231 -0.037376333 0.024537081 0.998999953 0.648279190
0.999407530 0.023980260 0.024687432 0.006254068 -0.023980206 0.999712408 -0.000298187 -0.242801458 -0.024687482 -0.000293994 0.999695122 0.869028628
0.999724209 0.012735626 0.019732136 0.035525978 -0.012700860 0.999917567 -0.001886162 -0.304852962 -0.019754529 0.001635027 0.999803543 1.058801532
0.999696970 -0.022100462 -0.010852017 0.072266534 0.022093413 0.999755561 -0.000769083 -0.360421509 0.010866364 0.000529091 0.999940813 1.229785323
0.998174906 0.055594526 0.023579892 0.006066062 -0.055276435 0.998373866 -0.013934177 -0.405191600 -0.024316210 0.012605335 0.999624848 1.395357490
0.999719322 0.016840504 0.016661808 -0.003282892 -0.016760334 0.999847353 -0.004939638 -0.483821541 -0.016742453 0.004658994 0.999848902 1.565678477
0.999557376 0.024345186 0.017094452 -0.007076453 -0.023940727 0.999437690 -0.023479113 -0.531767070 -0.017656446 0.023059471 0.999578118 1.723742962
0.999165893 0.027105164 0.030541657 -0.008812465 -0.026993511 0.999627352 -0.004062212 -0.581646085 -0.030640386 0.003234397 0.999525189 1.930260420
0.999225438 0.017388089 0.035300657 0.013194680 -0.016812602 0.999722004 -0.016534377 -0.635439932 -0.035578344 0.015928075 0.999239981 2.100955248
0.998077571 0.020391112 0.058525581 0.015964575 -0.019538127 0.999694884 -0.015110003 -0.694781363 -0.058815837 0.013937475 0.998171568 2.296331882
0.995763183 0.021697996 0.089357398 0.066124886 -0.022121621 0.999748230 0.003753044 -0.748808265 -0.089253463 -0.005713873 0.995992541 2.545813084
0.994627357 0.028817588 0.099428266 0.130033955 -0.029677114 0.999533772 0.007176188 -0.786857247 -0.099175110 -0.010088375 0.995018780 2.751105785
0.996181130 -0.008582506 0.086888500 0.192077458 0.006028454 0.999543190 0.029614422 -0.856009543 -0.087102965 -0.028977517 0.995777786 2.985178232
0.995247006 -0.013834053 0.096394785 0.217124194 0.013202371 0.999887049 0.007187784 -0.901961744 -0.096483335 -0.005880981 0.995317161 3.132534266
0.995546758 0.010925195 0.093633689 0.219502911 -0.009064003 0.999753296 -0.020279665 -0.953700423 -0.093832128 0.019340660 0.995400131 3.298744202
0.996270359 0.029757405 0.080993049 0.224676639 -0.026646337 0.998875022 -0.039225202 -0.990859449 -0.082069166 0.036920741 0.995942533 3.441414356
0.994052649 0.087601416 0.064693682 0.153231710 -0.085863717 0.995879650 -0.029174613 -1.063241959 -0.066982843 0.023446266 0.997478604 3.420205593
0.995225191 0.097554095 -0.003179446 0.161834195 -0.097581364 0.995177269 -0.010006070 -1.122936726 0.002187982 0.010268542 0.999944925 3.604059935
0.994053245 0.089387022 -0.062193707 0.230083808 -0.089038968 0.995993137 0.008351262 -1.229533434 0.062691003 -0.002763936 0.998029172 3.686667442
0.988009155 0.129839405 -0.083543062 0.257970780 -0.130367950 0.991465271 -0.000879625 -1.286272407 0.082715832 0.011760416 0.996503830 3.827928543
0.989853680 0.128827468 -0.059943654 0.188590303 -0.130107880 0.991337240 -0.017954633 -1.319226623 0.057111330 0.025571600 0.998040318 4.039903641
0.984982133 0.171832830 -0.016839497 0.128388256 -0.172336102 0.984404206 -0.035334803 -1.342710495 0.010505203 0.037706207 0.999233663 4.172466755
0.986848235 0.161109015 0.013218666 0.043995529 -0.160502911 0.986287534 -0.038415823 -1.386269808 -0.019226542 0.035788938 0.999174416 4.310218334
0.988308966 0.152119845 0.010254389 0.042506907 -0.151485384 0.987347186 -0.046880752 -1.461009741 -0.017256131 0.044779263 0.998847902 4.538346767
0.986229479 0.165090829 0.009815035 0.034099013 -0.164632276 0.985672116 -0.036699250 -1.516451359 -0.015733115 0.034578007 0.999278128 4.724478245
0.985499203 0.167220920 0.028782910 0.030919060 -0.166407108 0.985639989 -0.028681923 -1.573174715 -0.033165805 0.023476338 0.999174058 4.896058083
0.988958836 0.140877336 0.045980342 0.050846010 -0.139952242 0.989896476 -0.022770371 -1.641013503 -0.048723601 0.016083907 0.998682797 5.125109196
0.988843918 0.135604382 0.061636955 0.064024121 -0.135475248 0.990760803 -0.006288841 -1.711014748 -0.061920270 -0.002131596 0.998078823 5.333774090
0.988067448 0.133481964 0.076846369 0.073629141 -0.133614972 0.991027415 -0.003431831 -1.757782936 -0.076614946 -0.006876945 0.997037053 5.506332874
0.988478243 0.133757606 0.070849635 0.055922776 -0.134558946 0.990883410 0.006638981 -1.800615430 -0.069315702 -0.016095933 0.997464955 5.690367222
0.989775360 0.123329014 0.071656704 0.081987441 -0.123205915 0.992362082 -0.006152320 -1.872893810 -0.071868137 -0.002739114 0.997410357 5.872113228
0.992023885 0.112449639 0.056953743 0.100001961 -0.110583127 0.993252635 -0.034936950 -1.920548677 -0.060498103 0.028360164 0.997765243 6.019457817
0.986115992 0.153961733 0.062218327 0.074919671 -0.149801612 0.986458182 -0.066781752 -1.960118055 -0.071657613 0.056534145 0.995825768 6.164719582
0.980925798 0.169258907 0.095582411 0.065227449 -0.164321125 0.984734356 -0.057418894 -2.010349035 -0.103841938 0.040617455 0.993764102 6.376063824
0.990710437 0.101511359 0.090489998 0.141708910 -0.098860092 0.994543135 -0.033326522 -2.096297741 -0.093379214 0.024071075 0.995339572 6.612599373
0.986478984 0.102863140 0.127586916 0.159488678 -0.103252083 0.994648814 -0.003579487 -2.172142267 -0.127272338 -0.009642524 0.991820931 6.856834888
0.987677097 0.081108756 0.133848280 0.160619736 -0.082623392 0.996563971 0.005791323 -2.233938456 -0.132918641 -0.016778953 0.990984917 7.033156395
0.985289216 0.111141957 0.129817724 0.161495745 -0.113896452 0.993394494 0.013966929 -2.280798435 -0.127407879 -0.028547244 0.991439462 7.219464302
0.989778936 0.111479744 0.088937730 0.174654365 -0.113119029 0.993488431 0.013593785 -2.325661898 -0.086843178 -0.023515390 0.995944440 7.356355667
0.992343605 0.112641670 0.050657466 0.179148108 -0.113173172 0.993545115 0.007740084 -2.369248152 -0.049458615 -0.013413889 0.998686135 7.519656181
0.990687728 0.126702949 0.049841657 0.165241957 -0.126424536 0.991937995 -0.008711932 -2.442977667 -0.050543651 0.002329597 0.998719156 7.714951038
0.988291681 0.142934516 0.053379849 0.171402782 -0.141775668 0.989585102 -0.024918672 -2.479341030 -0.056385651 0.017058952 0.998263359 7.920281887
0.986660063 0.148088232 0.067614503 0.170377493 -0.145857349 0.988619268 -0.036844838 -2.533270597 -0.072301276 0.026491255 0.997031033 8.101888657
0.988213181 0.141745567 0.057818428 0.190346420 -0.139371559 0.989296138 -0.043230496 -2.614614964 -0.063327260 0.034662701 0.997390747 8.337242126
0.986287892 0.153189987 0.061392829 0.181672037 -0.151018187 0.987776935 -0.038605619 -2.666706085 -0.066556379 0.028804822 0.997366786 8.532152176
0.986501217 0.146047398 0.074063703 0.188619316 -0.144135445 0.989085913 -0.030563403 -2.715492249 -0.077719077 0.019475633 0.996785045 8.714917183
0.987054467 0.143604696 0.071423039 0.206208587 -0.141235083 0.989276469 -0.037215259 -2.753014803 -0.076001406 0.026646048 0.996751666 8.870441437
0.986622691 0.139790341 0.083870493 0.210999548 -0.135531098 0.989271939 -0.054519363 -2.849131107 -0.090591997 0.042422980 0.994984090 9.082573891
0.980291724 0.152955562 0.125031441 0.224543631 -0.148067459 0.987833440 -0.047550809 -2.908605337 -0.130783394 0.028100569 0.991012692 9.306963921
0.978126645 0.156192362 0.137375593 0.240193963 -0.147275046 0.986405134 -0.072904557 -2.923836708 -0.146895111 0.051077906 0.987832367 9.531044006
0.984230638 0.134805948 0.114530958 0.269204557 -0.128470451 0.989833117 -0.061039016 -3.031063795 -0.121594965 0.045362633 0.991542637 9.658867836
0.978375673 0.181138590 0.099849790 0.259692848 -0.178040087 0.983242571 -0.039189976 -3.090795040 -0.105275378 0.020565253 0.994230449 9.867825508
0.985545993 0.155893371 0.066305190 0.285159498 -0.154286012 0.987608194 -0.028739879 -3.154559374 -0.069963895 0.018094514 0.997385383 10.055855751
0.987145007 0.145626247 0.065862782 0.307357132 -0.143941149 0.989141345 -0.029670693 -3.215675354 -0.069468446 0.019808913 0.997387469 10.239842415
0.988334596 0.147896782 0.036349446 0.344090730 -0.147802696 0.989002883 -0.005275642 -3.332435846 -0.036729947 -0.000158447 0.999325216 10.455252647
0.987435162 0.156631485 0.020935122 0.344190061 -0.157015920 0.987428665 0.018181553 -3.391958475 -0.017824141 -0.021240255 0.999615490 10.667875290
0.989803731 0.141068891 0.019702276 0.355983794 -0.141759723 0.989103973 0.039716095 -3.449055433 -0.013884893 -0.042104125 0.999016762 10.869935036
0.990787566 0.135410875 -0.001958940 0.364353210 -0.135267958 0.990231216 0.033833958 -3.504258633 0.006521292 -0.033257283 0.999425590 11.071601868
0.991950154 0.126442179 0.006870162 0.363846391 -0.126590326 0.991524100 0.029234795 -3.551102638 -0.003115416 -0.029869158 0.999548972 11.240818977
0.992627740 0.120623253 0.011838155 0.369521022 -0.120656513 0.992691994 0.002135321 -3.603064775 -0.011494074 -0.003547930 0.999927640 11.440719604
0.991012096 0.130462036 0.029571775 0.361677229 -0.129918233 0.991330326 -0.019627893 -3.652061224 -0.031876091 0.015609568 0.999369860 11.608184814
0.990653455 0.133451283 0.028222995 0.367263705 -0.133293360 0.991048813 -0.007412745 -3.694591761 -0.028959606 0.003581524 0.999574125 11.780644417
0.990132332 0.138788566 0.019386524 0.364245087 -0.138651431 0.990306854 -0.008253768 -3.760616064 -0.020344134 0.005484352 0.999778032 12.000329018
0.989632845 0.142441899 0.018368075 0.359526992 -0.142224714 0.989753664 -0.012639796 -3.829674721 -0.019980310 0.009896364 0.999751389 12.220875740
0.991546273 0.129287437 -0.010993183 0.380249619 -0.129536465 0.991228521 -0.026194548 -3.872663975 0.007510126 0.027397124 0.999596417 12.358028412
0.991304517 0.130588695 -0.016186016 0.365672588 -0.131043598 0.990883708 -0.031255390 -3.934817314 0.011956859 0.033104684 0.999380350 12.552085876
0.987543583 0.157337680 0.001567733 0.339933127 -0.157218799 0.987099290 -0.030286768 -3.985615730 -0.006312762 0.029663028 0.999540031 12.749040604
0.990414083 0.138014957 0.005636070 0.347026855 -0.137736529 0.989847958 -0.035064824 -4.050407887 -0.010418325 0.033952404 0.999369204 12.928576469
0.990326464 0.138756484 -0.000029787 0.346870691 -0.138700157 0.989918411 -0.028702259 -4.111428261 -0.003953138 0.028428737 0.999587953 13.120675087
0.989942729 0.141371593 0.005221605 0.344379127 -0.141140923 0.989489555 -0.031459320 -4.168246746 -0.009614179 0.030405946 0.999491394 13.307012558
0.988499343 0.149150014 0.024963878 0.331261247 -0.148208201 0.988297582 -0.036086276 -4.234163284 -0.030054003 0.031971406 0.999036849 13.512861252
0.987721205 0.154497728 0.023175891 0.324172616 -0.153886840 0.987741768 -0.026171755 -4.282198429 -0.026935274 0.022283936 0.999388814 13.692613602
0.990853190 0.133875221 -0.016953891 0.349174321 -0.134295329 0.990581632 -0.026697710 -4.358733177 0.013220053 0.028730337 0.999499857 13.871647835
0.987655938 0.155212447 -0.021090193 0.363610208 -0.155929461 0.987029850 -0.038185544 -4.407049656 0.014889781 0.041002762 0.999048054 14.054298401
0.982471824 0.185734943 -0.015856467 0.334224939 -0.186252713 0.981581986 -0.042507432 -4.458409309 0.007669304 0.044715662 0.998970330 14.257251740
0.988518476 0.151004538 -0.005364668 0.351384044 -0.151099756 0.987930298 -0.034099013 -4.527119637 0.000150809 0.034518108 0.999404013 14.441331863
0.987750232 0.155485153 0.013186738 0.340950489 -0.155019432 0.987423897 -0.031036958 -4.594899654 -0.017846681 0.028612558 0.999431193 14.646316528
0.990354419 0.138235137 0.009438416 0.351280421 -0.137930349 0.990056694 -0.027621690 -4.664118767 -0.013162855 0.026053412 0.999573827 14.858765602
0.989930212 0.141236320 0.009506866 0.344314963 -0.140959963 0.989693224 -0.025254965 -4.732866287 -0.012975801 0.023660559 0.999635875 15.069215775
0.991288006 0.131493613 0.007573897 0.354904592 -0.130975142 0.990186870 -0.048740529 -4.782961369 -0.013908643 0.047323905 0.998782754 15.212758064
0.989125788 0.139611021 0.046248626 0.346849501 -0.138174713 0.989860117 -0.032935183 -4.843495369 -0.050377779 0.026186645 0.998386800 15.420846939
0.990286708 0.127739668 0.054906458 0.350191534 -0.126465634 0.991627693 -0.026098298 -4.909137249 -0.057780549 0.018901017 0.998150349 15.600433350
0.984954417 0.162997112 0.057416804 0.311052203 -0.161493048 0.986419082 -0.029958911 -4.967419624 -0.061520245 0.020235747 0.997900665 15.770759583
0.991659701 0.118510768 0.050657529 0.333489388 -0.117662750 0.992863774 -0.019417353 -5.019321442 -0.052597187 0.013294904 0.998527288 15.943199158
0.990724623 0.114764191 0.072759822 0.340314746 -0.113099642 0.993227184 -0.026612636 -5.092604637 -0.075321212 0.018136680 0.996994376 16.192543030
0.989539504 0.118765831 0.081891499 0.351053357 -0.116864905 0.992762923 -0.027644884 -5.149685383 -0.084582113 0.017785463 0.996257782 16.372774124
0.981708586 0.152641132 0.113793746 0.330981493 -0.149819106 0.988162398 -0.033003110 -5.182879448 -0.117484346 0.015350961 0.992956102 16.499967575
0.983401716 0.130225226 0.126342744 0.367068529 -0.124898605 0.990947068 -0.049237326 -5.264743328 -0.131610900 0.032640036 0.990763962 16.729019165
0.986312807 0.125799298 0.106591061 0.395181656 -0.121613353 0.991560340 -0.044926610 -5.343329430 -0.111343205 0.031348787 0.993287385 16.952545166
0.988791823 0.107800312 0.103294477 0.416355848 -0.103132769 0.993433893 -0.049524844 -5.386828899 -0.107955039 0.038316716 0.993417144 17.070486069
0.983662367 0.129135326 0.125429228 0.413380027 -0.122893393 0.990820408 -0.056321040 -5.440811634 -0.131550878 0.039986461 0.990502596 17.246772766
0.988716364 0.115644075 0.095216818 0.460005283 -0.111569263 0.992640853 -0.047078457 -5.521660328 -0.099960454 0.035923980 0.994342685 17.446535110
0.983051538 0.138602853 0.119994968 0.465925217 -0.134322613 0.990000248 -0.043091867 -5.596252918 -0.124767698 0.026243493 0.991838932 17.696159363
0.984996974 0.125571430 0.118375897 0.488394260 -0.121096522 0.991652012 -0.044294849 -5.654924870 -0.122949846 0.029295385 0.991980374 17.864837646
0.984479904 0.124766745 0.123419821 0.506870389 -0.120246142 0.991792679 -0.043451797 -5.711316109 -0.127828225 0.027936669 0.991402745 18.035409927
0.981752872 0.140330419 0.128330171 0.512074232 -0.134632125 0.989525318 -0.052092381 -5.766037464 -0.134296089 0.033864491 0.990362465 18.212133408
0.984391153 0.131236970 0.117264852 0.546670556 -0.126947254 0.990961075 -0.043363318 -5.848355770 -0.121895805 0.027800016 0.992153525 18.445287704
0.985743880 0.119144723 0.118799925 0.577207327 -0.114131272 0.992297053 -0.048171297 -5.921818733 -0.123624168 0.033925775 0.991749048 18.648290634
0.984109700 0.128673926 0.122356780 0.587181449 -0.124929734 0.991444170 -0.037827753 -5.976224422 -0.126177371 0.021940662 0.991765022 18.830360413
0.984753191 0.124390349 0.121607393 0.609055638 -0.121886939 0.992153287 -0.027841913 -6.038501263 -0.124116458 0.012595061 0.992187738 19.008827209
0.984930933 0.124242470 0.120311379 0.620844841 -0.121297218 0.992115319 -0.031530317 -6.087071896 -0.123280160 0.016461750 0.992235303 19.156770706
0.987056434 0.128784299 0.095572650 0.644680381 -0.126094073 0.991445780 -0.033698760 -6.158608437 -0.099094979 0.021211432 0.994851887 19.377086639
0.986825764 0.135120571 0.088979423 0.649477959 -0.132392064 0.990546703 -0.035910815 -6.212373734 -0.092990547 0.023657545 0.995386004 19.553850174
0.985049129 0.137144968 0.104256108 0.663167953 -0.133478329 0.990186512 -0.041401748 -6.275749207 -0.108911023 0.026866823 0.993688464 19.750640869
0.983766139 0.140925094 0.111105055 0.611287832 -0.137620270 0.989796996 -0.036911801 -6.344328403 -0.115173258 0.021022270 0.993122935 19.944181442
0.981087387 0.144632131 0.128643438 0.627066135 -0.140095800 0.989173770 -0.043687191 -6.391373158 -0.133569285 0.024838550 0.990728140 20.061534882
0.986191094 0.106479183 0.126844004 0.637633324 -0.100601569 0.993572652 -0.051893666 -6.451683521 -0.131554335 0.038416367 0.990564287 20.184267044
0.981525719 0.127684996 0.142491385 0.657100916 -0.124083079 0.991691828 -0.033920854 -6.546911240 -0.145638734 0.015613427 0.989214599 20.480421066
0.983815372 0.119831592 0.133221135 0.699788094 -0.114852622 0.992386281 -0.044478234 -6.576821327 -0.137536719 0.028457567 0.990087807 20.654680252
0.993202567 0.075675197 0.088442519 0.772388816 -0.070734046 0.995823205 -0.057730921 -6.664410591 -0.092441916 0.051082604 0.994406819 20.856090546
0.991011083 0.100499481 0.088300228 0.805682898 -0.095772952 0.993813276 -0.056236256 -6.728019714 -0.093405671 0.047273964 0.994505286 21.046049118
0.989563823 0.102513812 0.101264432 0.822789907 -0.095236167 0.992680132 -0.074272320 -6.785054684 -0.108137131 0.063853167 0.992083192 21.208211899
0.988696039 0.108787164 0.103176735 0.849681616 -0.103867829 0.993234873 -0.051925190 -6.865557671 -0.108127512 0.040621482 0.993306756 21.463178635
0.991594315 0.100373708 0.081644602 0.864673793 -0.095166117 0.993313432 -0.065360747 -6.941882133 -0.087659173 0.057041537 0.994516015 21.611213684
0.992228270 0.083570741 0.092189647 0.899500132 -0.079243109 0.995618165 -0.049650796 -7.009552956 -0.095935039 0.041959539 0.994502723 21.830356598
0.995342016 0.065825388 0.070436046 0.928265214 -0.062624037 0.996942341 -0.046734288 -7.058284283 -0.073296987 0.042105604 0.996420920 21.964788437
0.992886364 0.083856948 0.084525608 0.929131389 -0.079760715 0.995522261 -0.050731774 -7.131627560 -0.088401318 0.043629058 0.995128989 22.181097031
0.986753821 0.125582322 0.102693595 0.906853437 -0.120982647 0.991400719 -0.049879316 -7.188222885 -0.108074456 0.036794454 0.993461609 22.351446152
0.991108298 0.099083714 0.088807829 0.935119271 -0.095252015 0.994371176 -0.046402529 -7.287017822 -0.092905670 0.037530806 0.994967282 22.533096313
0.989665687 0.096266299 0.106276356 0.951726913 -0.092019148 0.994776666 -0.044179801 -7.334608555 -0.109974250 0.033943765 0.993354797 22.757307053
0.989874661 0.091110557 0.108844407 0.973647833 -0.086086527 0.995031893 -0.050007474 -7.394058228 -0.112859868 0.040131103 0.992800176 22.911506653
0.985736310 0.099315509 0.135869280 0.978054762 -0.093013234 0.994306624 -0.051988009 -7.454065800 -0.140258968 0.038608827 0.989361823 23.096385956
0.989460647 0.070883319 0.126266673 1.033703685 -0.065945670 0.996901810 -0.042870235 -7.526812077 -0.128914267 0.034091666 0.991069615 23.298553467
0.984640479 0.066561386 0.161408991 1.076157093 -0.061345804 0.997427166 -0.037089624 -7.582555294 -0.163462430 0.026618190 0.986190379 23.487651825
0.980658650 0.095749535 0.170706451 1.079137087 -0.087098695 0.994539917 -0.057482537 -7.640917301 -0.175278291 0.041502438 0.983643830 23.644605637
0.977582633 0.108326338 0.180548072 1.135268450 -0.100641884 0.993603408 -0.051219877 -7.662539959 -0.184941649 0.031900972 0.982231617 23.892242432
0.980184853 0.123554140 0.154829368 1.153290272 -0.114228822 0.991139650 -0.067778327 -7.725334167 -0.161831826 0.048749313 0.985613525 24.074388504
0.978622556 0.119912811 0.167089045 1.181226969 -0.111083180 0.991921365 -0.061258249 -7.791267872 -0.173084855 0.041387927 0.984036982 24.262920380
0.984226882 0.075557962 0.159964457 1.257290125 -0.068060949 0.996333122 -0.051845863 -7.885034561 -0.163295269 0.040140763 0.985760331 24.370950699
0.982669234 0.106167652 0.151952535 1.250957012 -0.098235711 0.993423879 -0.058809668 -7.928247452 -0.157196969 0.042863287 0.986636758 24.541486740
0.981980026 0.087504879 0.167505741 1.319476128 -0.080932811 0.995672286 -0.045680657 -7.979037762 -0.170778081 0.031300783 0.984812260 24.708881378
0.982360661 0.074561194 0.171488076 1.370510101 -0.067629546 0.996653140 -0.045921817 -8.028966904 -0.174338102 0.033514127 0.984115481 24.833093643
0.972196102 0.102560118 0.210514188 1.381703615 -0.094439052 0.994358182 -0.048301768 -8.083645821 -0.214280322 0.027078031 0.976396859 25.027051926
0.980222642 0.057748403 0.189285144 1.464077234 -0.048226252 0.997346520 -0.054535288 -8.150330544 -0.191932246 0.044328209 0.980406582 25.181993484
0.976153314 0.063979372 0.207440615 1.492931604 -0.058628879 0.997771740 -0.031845465 -8.221953392 -0.209015846 0.018924048 0.977729082 25.413921356
0.983890712 0.019832114 0.177667558 1.562316179 -0.013250300 0.999183953 -0.038155958 -8.273009300 -0.178279281 0.035187148 0.983350575 25.545217514
0.982744873 0.019904790 0.183892235 1.617510557 -0.013772090 0.999307513 -0.034566782 -8.336716652 -0.184452936 0.031437755 0.982338428 25.723224640
0.977328181 0.038805574 0.208143353 1.642566204 -0.037899233 0.999246776 -0.008342117 -8.405961037 -0.208310276 0.000264514 0.978062749 25.961139679
0.976318538 0.053045910 0.209733903 1.677451611 -0.047873382 0.998412788 -0.029666431 -8.455802917 -0.210974693 0.018923217 0.977308333 26.106765747
0.982779801 0.041259337 0.180115193 1.731103659 -0.037538249 0.999006510 -0.024020823 -8.530634880 -0.180927321 0.016845973 0.983352184 26.238576889
0.980596542 0.028413910 0.193966821 1.774662256 -0.027131677 0.999589026 -0.009264447 -8.566574097 -0.194150329 0.003822044 0.980964303 26.456310272
0.982673943 0.025456930 0.183586240 1.825938225 -0.024341108 0.999668956 -0.008329232 -8.631828308 -0.183737516 0.003716229 0.982968330 26.666994095
0.985023916 0.048509579 0.165453032 1.834745169 -0.050084617 0.998730600 0.005358326 -8.680758476 -0.164983094 -0.013564731 0.986203074 26.819919586
0.978603423 0.065561347 0.195030779 1.771164417 -0.061940107 0.997776210 -0.024615377 -8.723367691 -0.196210876 0.012008465 0.980488181 26.880098343
0.977406979 0.038271263 0.207872406 1.866077185 -0.033061504 0.999047399 -0.028480273 -8.796153069 -0.208764359 0.020964239 0.977741241 27.105913162
0.979249775 0.046063114 0.197352260 1.956013918 -0.037467264 0.998188615 -0.047072478 -8.858899117 -0.199163109 0.038701463 0.979201853 27.370174408
0.980859399 0.032722712 0.191948220 2.004974604 -0.027817763 0.999215305 -0.028193651 -8.927729607 -0.192720175 0.022314437 0.981000006 27.590715408
0.977388561 0.075333178 0.197576940 2.000975132 -0.068800725 0.996838927 -0.039731413 -8.971161842 -0.199945465 0.025239591 0.979481936 27.756639481
0.987188160 0.043435771 0.153534830 2.064569712 -0.039194386 0.998764634 -0.030546021 -9.026963234 -0.154671922 0.024136962 0.987671018 27.904249191
0.987165093 0.052802753 0.150721505 2.093794346 -0.047544274 0.998135209 -0.038284056 -9.105496407 -0.152461946 0.030626735 0.987834692 28.105915070
0.986883640 0.031242954 0.158381045 2.138685226 -0.026394308 0.999118984 -0.032625895 -9.169714928 -0.159260854 0.028017597 0.986838877 28.300092697
0.986678481 0.050241459 0.154729590 2.144270658 -0.046506662 0.998534858 -0.027665790 -9.212643623 -0.155892819 0.020101283 0.987569451 28.452508926
0.988646507 0.034561768 0.146231547 2.199723244 -0.027828511 0.998467147 -0.047843512 -9.288124084 -0.147660956 0.043230910 0.988092780 28.641336441
0.992445290 0.035731498 0.117368907 2.224974632 -0.032343775 0.999006987 -0.030643458 -9.347859383 -0.118347310 0.026615806 0.992615521 28.850912094
0.993406534 0.054424372 0.100903347 2.257812262 -0.051431540 0.998162687 -0.032030150 -9.416111946 -0.102461196 0.026629342 0.994380474 29.005195618
0.995655119 0.039521478 0.084315047 2.296546698 -0.038942013 0.999205291 -0.008506801 -9.474109650 -0.084584236 0.005186446 0.996402740 29.203882217
0.995240688 0.053955413 0.081147261 2.304432869 -0.052965477 0.998493850 -0.014304278 -9.524935722 -0.081796847 0.009938197 0.996599436 29.359842300
0.998207688 -0.003151908 0.059762947 2.374466658 0.003873549 0.999920905 -0.011963222 -9.604185104 -0.059720520 0.012173275 0.998140812 29.583017349
0.997425497 0.016693829 0.069741160 2.370008230 -0.015818223 0.999789178 -0.013088655 -9.653787613 -0.069944963 0.011951776 0.997479260 29.778566360
0.995446503 0.070561714 0.064088836 2.348964214 -0.068850487 0.997218966 -0.028530661 -9.685777664 -0.065923773 0.023988197 0.997536242 29.915338516
0.998322248 0.047395591 0.033263519 2.386235714 -0.046888463 0.998774111 -0.015864363 -9.761540413 -0.033974648 0.014278074 0.999320686 30.151527405
0.997733414 0.063632421 0.021883138 2.382364750 -0.063368507 0.997911274 -0.012550179 -9.811539650 -0.022636034 0.011135032 0.999681771 30.306823730
0.997745514 0.059766334 0.030528687 2.383410692 -0.059537534 0.998191178 -0.008350363 -9.867323875 -0.030972563 0.006513938 0.999498963 30.501743317
0.995871484 0.057873115 0.069932953 2.385577679 -0.058223661 0.998299122 0.002983106 -9.948426247 -0.069641367 -0.007042543 0.997547209 30.644386292
0.993667185 0.057988800 0.096243635 2.412552357 -0.057592615 0.998316526 -0.006891649 -10.018118858 -0.096481234 0.001305083 0.995333970 30.697141647
0.988847256 0.072475329 0.130109251 2.423582554 -0.076880157 0.996614099 0.029150927 -10.051258087 -0.127555981 -0.038828634 0.991070986 30.902297974
0.994270980 0.029953154 0.102606438 2.483492374 -0.034994379 0.998249054 0.047688887 -10.114278793 -0.100998342 -0.051006321 0.993578196 31.060140610
0.994944751 -0.003267520 0.100370422 2.491396427 -0.003387397 0.997809708 0.066061668 -10.232615471 -0.100366466 -0.066067681 0.992754579 31.060640335
0.997171044 -0.036399022 0.065763839 2.541653395 0.031541303 0.996799886 0.073451616 -10.280488014 -0.068226948 -0.071169555 0.995128095 31.237277985
0.997408986 -0.028449783 0.066074587 2.551851749 0.024321267 0.997750580 0.062467843 -10.304543495 -0.067703158 -0.060698967 0.995857418 31.394298553
0.999561250 0.000534288 0.029615879 2.550431728 -0.002182337 0.998448312 0.055643097 -10.349976540 -0.029540196 -0.055683322 0.998011470 31.577873230
0.999055326 0.042397004 0.009528290 2.539022446 -0.042774763 0.998126805 0.043740284 -10.377668381 -0.007655984 -0.044106536 0.998997509 31.747331619
0.997803986 0.065682247 -0.008559391 2.510272503 -0.065184824 0.996659338 0.049204875 -10.417147636 0.011762686 -0.048538882 0.998752058 31.927482605
0.994034111 0.105673850 -0.027001547 2.476483345 -0.104229093 0.993283212 0.050248053 -10.444561005 0.032130089 -0.047133934 0.998371780 32.081558228
0.996377230 0.074769638 -0.040518038 2.506726742 -0.073257573 0.996604025 0.037601434 -10.495396614 0.043191884 -0.034496963 0.998471081 32.275344849
0.995694041 0.026969222 -0.088690892 2.601673365 -0.020705413 0.997275472 0.070801884 -10.628025055 0.090358734 -0.068660639 0.993539572 32.422630310
0.993346930 0.087357447 -0.075037464 2.535462618 -0.084372789 0.995545805 0.042070784 -10.655978203 0.078378431 -0.035459764 0.996292830 32.598674774
0.994320393 0.083883233 -0.065501913 2.524702549 -0.080254242 0.995188832 0.056200482 -10.687039375 0.069901049 -0.050624490 0.996268511 32.798507690
0.993193269 0.060213074 -0.099707633 2.534342766 -0.053874303 0.996423841 0.065091945 -10.721691132 0.103270456 -0.059277199 0.992885411 32.973312378
0.987586021 0.057578646 -0.146145374 2.534367085 -0.051499274 0.997656405 0.045049321 -10.717817307 0.148396730 -0.036963705 0.988236845 33.065345764
0.978611767 0.064697184 -0.195277706 2.522625923 -0.064825334 0.997880101 0.005741566 -10.743079185 0.195235193 0.007040177 0.980731189 33.198509216
0.971483707 0.087985687 -0.220177442 2.459376335 -0.086921751 0.996109068 0.014535084 -10.777297974 0.220599651 0.005017616 0.975351572 33.385799408
0.973285317 0.116574071 -0.197803438 2.373222828 -0.107540481 0.992630720 0.055850558 -10.865856171 0.202856496 -0.033086658 0.978649378 33.542533875
0.966643155 0.106029443 -0.233149573 2.436055183 -0.095257699 0.993818402 0.057018306 -10.932153702 0.237753928 -0.032907065 0.970767796 33.609031677
0.963542640 0.146482781 -0.223893300 2.450664520 -0.131795019 0.988101780 0.079277739 -11.014734268 0.232842222 -0.046879467 0.971383929 33.614814758
0.955908716 0.108408481 -0.272920877 2.472363472 -0.082106858 0.990965426 0.106046781 -11.086014748 0.281951517 -0.078962386 0.956173778 33.779735565
0.941279888 0.129440635 -0.311828673 2.375734329 -0.114999898 0.991279244 0.064345382 -11.099939346 0.317438215 -0.024706751 0.947957039 33.966808319
0.938331246 0.129282236 -0.320656478 2.280014992 -0.112804107 0.991181612 0.069527894 -11.117552757 0.326817513 -0.029068818 0.944640338 34.166790009
0.936546087 0.120670721 -0.329119951 2.248557091 -0.098259941 0.991612554 0.083962224 -11.163419724 0.336491197 -0.046295181 0.940547943 34.340152740
0.929063618 0.115459941 -0.351439714 2.193666458 -0.092470251 0.992368340 0.081573255 -11.195004463 0.358176112 -0.043289024 0.932650030 34.516429901
0.932287574 0.115014672 -0.342945278 2.168164253 -0.088658147 0.991839290 0.091621608 -11.265821457 0.350684434 -0.055012807 0.934876502 34.628486633
0.924882889 0.142772958 -0.352430791 2.075211525 -0.107853919 0.987268567 0.116910949 -11.304382324 0.364635617 -0.070117906 0.928506494 34.767951965
0.912719727 0.127482489 -0.388189197 2.023355484 -0.085708648 0.988678098 0.123164594 -11.333659172 0.399495512 -0.079143599 0.913312495 34.983146667
0.902700007 0.209268868 -0.375950903 1.892399788 -0.173812076 0.976646543 0.126297146 -11.349739075 0.393601209 -0.048663639 0.917992413 35.126037598
0.903665960 0.148288459 -0.401743978 1.890722275 -0.112775415 0.987423718 0.110797487 -11.382730484 0.413121492 -0.054817077 0.909024596 35.254020691
0.913180709 0.135873899 -0.384238482 1.802895546 -0.104131348 0.989283085 0.102350466 -11.414969444 0.394027382 -0.053453200 0.917543054 35.479957581
0.913227260 0.134504303 -0.384609491 1.682363510 -0.113415748 0.990550458 0.077114441 -11.443488121 0.391347378 -0.026802240 0.919852674 35.658836365
0.917943478 0.146521449 -0.368661404 1.676199913 -0.127902225 0.988977611 0.074592672 -11.428913116 0.375527382 -0.021319240 0.926566124 35.810836792
0.930551708 0.142504081 -0.337292194 1.583790779 -0.120494790 0.989031315 0.085428521 -11.497350693 0.345766485 -0.038853712 0.937515855 35.999431610
0.940660775 0.108834326 -0.321422547 1.537117004 -0.092746958 0.993566096 0.064994432 -11.563457489 0.326428205 -0.031326745 0.944702804 36.212139130
0.947935820 0.088263646 -0.305985600 1.514882088 -0.087220550 0.996042073 0.017108100 -11.539429665 0.306284547 0.010470854 0.951882422 36.324905396
0.962084353 0.092421234 -0.256616741 1.474142075 -0.089218676 0.995719910 0.024120728 -11.571299553 0.257747680 -0.000311168 0.966212213 36.447135925
0.963299394 0.088140562 -0.253546149 1.498263359 -0.087263145 0.996076405 0.014727945 -11.614738464 0.253849477 0.007937811 0.967211187 36.448894501
0.945621252 0.076330759 -0.316186458 1.612556458 -0.062562905 0.996606886 0.053484056 -11.748551369 0.319196135 -0.030794123 0.947188258 36.504165649
0.943618000 0.077816889 -0.321760118 1.563353539 -0.067460313 0.996784866 0.043230813 -11.781191826 0.324089766 -0.019087333 0.945833743 36.648689270
0.937052488 0.108972333 -0.331749290 1.467577934 -0.104533173 0.994030178 0.031254627 -11.833517075 0.333174706 0.005391587 0.942849755 36.844791412
0.934392869 0.090844467 -0.344466686 1.423526764 -0.077558257 0.995620906 0.052187327 -11.874610901 0.347699255 -0.022047224 0.937346876 37.030376434
0.943509638 0.073846526 -0.323011130 1.405364037 -0.065565072 0.997181892 0.036460456 -11.922535896 0.324793369 -0.013222542 0.945692658 37.140438080
0.954422891 0.078923270 -0.287833452 1.411148071 -0.069018677 0.996626198 0.044414558 -11.953067780 0.290367633 -0.022524381 0.956650019 37.255794525
0.959250271 0.046160735 -0.278761655 1.388727188 -0.038291004 0.998701155 0.033613369 -12.003794670 0.279951215 -0.021569561 0.959771872 37.431087494
0.965935886 0.103199080 -0.237313777 1.188618660 -0.094172880 0.994344652 0.049093172 -12.072463989 0.241038010 -0.025072329 0.970191717 37.526771545
0.960752249 0.120605223 -0.249818727 1.196907043 -0.118599020 0.992672861 0.023125939 -12.144787788 0.250777334 0.007409951 0.968016446 37.538188934
0.955041885 0.122408897 -0.270020366 1.217967987 -0.120923594 0.992413640 0.022195188 -12.232018471 0.270688832 0.011454499 0.962598681 37.566204071
0.958314419 0.099579595 -0.267800778 1.182501793 -0.096881308 0.995023131 0.023305479 -12.296182632 0.268788725 0.003610910 0.963192403 37.785476685
0.957529843 0.074849263 -0.278449625 1.181521416 -0.071314491 0.997192800 0.022817058 -12.332616806 0.279375792 -0.001990521 0.960179687 38.038711548
0.949440658 0.167894006 -0.265280902 1.071269989 -0.160320148 0.985792100 0.050113298 -12.359092712 0.269925535 -0.005049728 0.962867916 38.166137695
0.940163314 0.196396589 -0.278426439 1.022117615 -0.195037007 0.980245113 0.032863855 -12.368006706 0.279380500 0.023406064 0.959895134 38.256187439
0.948284328 0.140741765 -0.284514576 1.037801743 -0.148619846 0.988875151 -0.006178524 -12.415886879 0.280479759 0.048143506 0.958651841 38.346279144
0.948604047 0.202918485 -0.242846325 0.930996895 -0.217330888 0.975512028 -0.033813652 -12.418090820 0.230038121 0.084853783 0.969475269 38.507347107
0.948250175 0.270387501 -0.166469693 0.823719978 -0.278648138 0.959985197 -0.027994171 -12.457997322 0.152239129 0.072931953 0.985649049 38.718112946
0.949349523 0.273090243 -0.155425772 0.850441933 -0.277829647 0.960586250 -0.009205167 -12.544192314 0.146786049 0.051920816 0.987804711 38.827491760
0.951886296 0.262167096 -0.158684611 0.824945450 -0.265714973 0.964050889 -0.001184716 -12.605209351 0.152669445 0.043292586 0.987328708 38.986682892
0.946621180 0.283007056 -0.154321760 0.766980648 -0.290594786 0.956419408 -0.028575445 -12.640769958 0.139509246 0.071895227 0.987607360 39.130741119
0.949303627 0.266721278 -0.166380212 0.700993538 -0.273771495 0.961575150 -0.020553662 -12.684550285 0.154504970 0.065061808 0.985847414 39.285282135
0.936002314 0.285222411 -0.206271708 0.642813683 -0.296288401 0.954791069 -0.024234042 -12.734344482 0.190034285 0.083799019 0.978194475 39.475639343
0.925715983 0.259148628 -0.275484800 0.608906746 -0.266234726 0.963833034 0.012045089 -12.795442581 0.268642753 0.062193289 0.961229801 39.662570953
0.915236235 0.254912436 -0.312029362 0.545517921 -0.257882118 0.965631008 0.032459553 -12.833213806 0.309579521 0.050758623 0.949517727 39.878105164
0.894961655 0.261567414 -0.361422390 0.491492271 -0.259561568 0.964156568 0.055044506 -12.892547607 0.362865627 0.044548623 0.930776000 40.030471802
0.884727418 0.275778234 -0.375770867 0.412416458 -0.269006610 0.960478008 0.071536809 -12.948130608 0.380647898 0.037794270 0.923947394 40.219203949
0.873917162 0.260374427 -0.410455704 0.392310143 -0.243976444 0.965321600 0.092896335 -13.020596504 0.420409530 0.018957810 0.907136381 40.382553101
0.857121050 0.275451928 -0.435281396 0.289614677 -0.262626648 0.960620463 0.090750478 -13.054350853 0.443137616 0.036532324 0.895708919 40.550155640
0.834166467 0.278049856 -0.476292551 0.202260971 -0.261042356 0.959802687 0.103130348 -13.088522911 0.485822171 0.038304653 0.873217940 40.723785400
0.819701910 0.272895545 -0.503603935 0.110195160 -0.260188937 0.960666239 0.097068690 -13.119168282 0.510284841 0.051464759 0.858464301 40.861320496
0.819845676 0.259909660 -0.510196149 0.007867813 -0.244602114 0.964622617 0.098351866 -13.160013199 0.517709315 0.044161700 0.854416132 41.034858704
0.827802360 0.272744745 -0.490258783 -0.094379425 -0.252836972 0.961465120 0.107974470 -13.177019119 0.500816107 0.034574032 0.864862919 41.182899475
0.820045412 0.276629299 -0.501000702 -0.208498001 -0.268677562 0.959038794 0.089761078 -13.214102745 0.505309582 0.060999472 0.860779464 41.340328217
0.833733916 0.258601785 -0.487865865 -0.323223114 -0.250816017 0.964502394 0.082621671 -13.264840126 0.491913915 0.053480092 0.868999779 41.523410797
0.830354989 0.241304636 -0.502277553 -0.424118042 -0.228174195 0.969581246 0.088594109 -13.293400764 0.508376956 0.041042238 0.860156000 41.712867737
0.830277979 0.260482311 -0.492734581 -0.549539566 -0.249686003 0.964227736 0.089004226 -13.303460121 0.498292387 0.049130671 0.865615904 41.842704773
0.821981430 0.270073622 -0.501404762 -0.660778046 -0.253468156 0.961889267 0.102581307 -13.357488632 0.510000348 0.042770218 0.859110177 42.011589050
0.824164629 0.262388349 -0.501901507 -0.749544144 -0.235820472 0.964715064 0.117104910 -13.399181366 0.514918983 0.021844937 0.856960416 42.171546936
0.842538953 0.248015359 -0.478138477 -0.856727600 -0.225160077 0.968576729 0.105650865 -13.431988716 0.489316761 0.018642735 0.871906757 42.357826233
0.855116248 0.257425129 -0.450009435 -0.951414108 -0.239034280 0.966013908 0.098385021 -13.463015556 0.460042238 0.023437070 0.887587547 42.497493744
0.858077645 0.242851287 -0.452466458 -1.055644989 -0.226380944 0.969761848 0.091179013 -13.510059357 0.460927665 0.024191128 0.887107849 42.710918427
0.858744323 0.278062373 -0.430394650 -1.175053596 -0.258392394 0.960330248 0.104877509 -13.520933151 0.442483485 0.021147739 0.896527171 42.876880646
0.857510448 0.285511792 -0.427970529 -1.266915321 -0.270470738 0.957823157 0.097058803 -13.555118561 0.437631547 0.032524563 0.898565888 43.019985199
0.863850355 0.256965995 -0.433279276 -1.365036011 -0.233245462 0.966389954 0.108106218 -13.600458145 0.446496338 0.007672844 0.894752502 43.245697021
0.869332552 0.300531685 -0.392353803 -1.494144440 -0.283846140 0.953489900 0.101432025 -13.618709564 0.404588848 0.023189940 0.914204597 43.404151917
0.868525088 0.283205271 -0.406766444 -1.559909821 -0.265154004 0.958855808 0.101434447 -13.651239395 0.418757170 0.019757386 0.907883286 43.578243256
0.857702613 0.281348974 -0.430336028 -1.646058083 -0.252984315 0.959600091 0.123153180 -13.689525604 0.447599471 0.003239467 0.894228280 43.770431519
0.863906562 0.260103464 -0.431290835 -1.689546585 -0.237087011 0.965534329 0.107393436 -13.741664886 0.444359422 0.009475552 0.895798445 43.920772552
0.859034479 0.258931398 -0.441604197 -1.803163528 -0.249249309 0.965046525 0.080993682 -13.756110191 0.447140396 0.040493175 0.893546760 44.087501526
0.869297266 0.251300305 -0.425641179 -1.914330482 -0.244065076 0.967045903 0.072487868 -13.796540260 0.429830819 0.040870633 0.901983917 44.272487640
0.855907798 0.276512980 -0.436992407 -2.025938034 -0.262641251 0.960374832 0.093272708 -13.824774742 0.445467561 0.034939364 0.894616008 44.452728271
0.859987319 0.271587968 -0.432043701 -2.077506065 -0.268318355 0.960792780 0.069875702 -13.876311302 0.434081823 0.055833027 0.899141550 44.609607697
0.865514934 0.255155683 -0.431021512 -2.179629326 -0.247399002 0.966001749 0.075062111 -13.909420967 0.435520023 0.041666895 0.899214149 44.764099121
0.855306923 0.251114696 -0.453201473 -2.268347740 -0.240654200 0.967164576 0.081720963 -13.945987701 0.458841711 0.039168350 0.887654245 44.927703857
0.830322981 0.265845895 -0.489785522 -2.389608383 -0.249380708 0.963223457 0.100049011 -13.976434708 0.498370588 0.039070036 0.866083324 45.116287231
0.817652941 0.305084467 -0.488228500 -2.520021439 -0.287138551 0.951144516 0.113470957 -13.998771667 0.498994023 0.047409337 0.865307570 45.278198242
0.823313653 0.298749954 -0.482600212 -2.630191803 -0.283366442 0.953072011 0.106570072 -14.027142525 0.491790563 0.049012098 0.869332969 45.443820953
0.818842828 0.307939738 -0.484426975 -2.727043152 -0.292802870 0.949948072 0.108927161 -14.055509567 0.493723512 0.052647367 0.868023813 45.576572418
0.818038583 0.325927854 -0.473902762 -2.866909027 -0.308078289 0.944077730 0.117495105 -14.075290680 0.485695928 0.049883589 0.872703314 45.770957947
0.817868292 0.324653298 -0.475070119 -2.903425217 -0.311726809 0.943965137 0.108425893 -14.083683014 0.483650446 0.059413984 0.873242319 45.815330505
0.809247732 0.314353764 -0.496286094 -3.034851074 -0.301403522 0.947296679 0.108558744 -14.120010376 0.504256010 0.061731473 0.861344934 46.009574890
