1.000000000 0.000000000 0.000000000 0.000000000 0.000000000 1.000000000 0.000000000 0.000000000 0.000000000 0.000000000 1.000000000 0.000000000
0.999938071 -0.002657407 -0.010806595 0.006018433 0.002394413 0.999702394 -0.024276970 -0.042573005 0.010867893 0.024249591 0.999646842 0.113053791
0.999806821 0.014468146 0.013305740 -0.005140341 -0.014381491 0.999874890 -0.006585480 -0.088860370 -0.013399355 0.006392851 0.999889791 0.301141471
0.999510050 -0.000227078 0.031298790 0.006959287 0.000376395 0.999988556 -0.004764869 -0.142149746 -0.031297352 0.004774317 0.999498725 0.494793892
0.998698652 0.030391201 0.040953994 -0.063937232 -0.029436862 0.999285460 -0.023707926 -0.195430517 -0.041645244 0.022471517 0.998879671 0.677559376
0.999375582 0.024546266 0.025413489 0.007042887 -0.024548793 0.999698639 -0.000212401 -0.244505510 -0.025411047 -0.000411600 0.999676943 0.869125962
0.999707878 0.013042339 0.020347938 0.030670807 -0.013006604 0.999913633 -0.001887486 -0.306618899 -0.020370800 0.001622277 0.999791205 1.060025573
0.999697983 -0.022296295 -0.010332475 0.065810978 0.022290293 0.999751389 -0.000695559 -0.360557258 0.010345413 0.000465035 0.999946296 1.224334836
0.998166203 0.055558056 0.024028096 -0.000319473 -0.055236209 0.998377144 -0.013857635 -0.405202419 -0.024759006 0.012505002 0.999615252 1.389895082
0.999701679 0.017397730 0.017135968 -0.014292691 -0.017332841 0.999842048 -0.003927862 -0.487469018 -0.017201597 0.003629676 0.999845386 1.557016134
0.999517202 0.025509540 0.017732220 -0.018759539 -0.025113132 0.999437451 -0.022229552 -0.536327243 -0.018289307 0.021773510 0.999595582 1.714634776
0.999139905 0.027612373 0.030936342 -0.019984793 -0.027528955 0.999616146 -0.003119238 -0.584706366 -0.031010594 0.002264910 0.999516487 1.921871185
0.999194205 0.017925423 0.035913892 0.001750752 -0.017384967 0.999731719 -0.015304820 -0.640239835 -0.036178604 0.014668124 0.999237776 2.091738701
0.998046517 0.021271866 0.058741208 0.006471202 -0.020491861 0.999694049 -0.013849360 -0.698808193 -0.059017841 0.012618590 0.998177111 2.289233923
0.995646954 0.022187648 0.090525404 0.063386261 -0.022646258 0.999735296 0.004041968 -0.750118911 -0.090411767 -0.006074434 0.995885909 2.526642084
0.993968725 0.024495186 0.106893413 0.016261250 -0.025620390 0.999629855 0.009165678 -0.806893289 -0.106629312 -0.011849051 0.994228244 2.641267061
0.995473683 -0.012571194 0.094203115 0.079948813 0.009586788 0.999439776 0.032066513 -0.876799762 -0.094553456 -0.031018265 0.995036423 2.874590158
0.994442165 -0.018115135 0.103714146 0.106761381 0.017240487 0.999807835 0.009323564 -0.921267748 -0.103863128 -0.007483664 0.994563460 3.022595406
0.994866073 0.006806325 0.100971609 0.111113653 -0.004939673 0.999812484 -0.018725459 -0.971716344 -0.101080120 0.018130558 0.994713068 3.186955452
0.995726228 0.025508296 0.088762641 0.116813838 -0.022357211 0.999090314 -0.036315151 -1.011363268 -0.089608230 0.034175456 0.995390594 3.330147743
0.999434590 0.009280534 0.032316230 0.142409518 -0.009075153 0.999937713 -0.006496235 -1.069394946 -0.032374501 0.006199288 0.999456525 3.461719513
0.999121964 0.019182997 -0.037246194 0.149943471 -0.018904345 0.999790668 0.007819179 -1.125614047 0.037388407 -0.007108198 0.999275565 3.648439407
0.995399296 -0.002586543 -0.095777869 0.170399040 0.003347206 0.999964118 0.007782144 -1.148956776 0.095754303 -0.008066931 0.995372295 3.752969980
0.991780877 0.014549351 -0.127117038 0.123799026 -0.014643203 0.999892771 0.000196179 -1.161728382 0.127106249 0.001666834 0.991887689 3.797905445
0.988991559 0.011540180 -0.147520885 0.105629086 -0.012987307 0.999876559 -0.008850162 -1.212745070 0.147400543 0.010668636 0.989019275 3.974728107
0.990912378 0.048246771 -0.125557572 0.081242800 -0.051499419 0.998412967 -0.022788011 -1.239219308 0.124258883 0.029047064 0.991824627 4.106290817
0.987489164 0.028380986 -0.155111268 0.113488197 -0.030630209 0.999457121 -0.012129486 -1.307724357 0.154682845 0.016728826 0.987822533 4.255479813
0.988263965 0.023145393 -0.150991946 0.014382899 -0.026685866 0.999413431 -0.021463821 -1.381538630 0.150406614 0.025241273 0.988301933 4.547176361
0.987797201 0.039798532 -0.150575012 -0.028044343 -0.042012043 0.999050438 -0.011546662 -1.433660388 0.149972498 0.017731726 0.988531113 4.740446568
0.990015030 0.042550836 -0.134385765 -0.047248125 -0.043361679 0.999054670 -0.003111265 -1.479855537 0.134126320 0.008907392 0.990924180 4.920799732
0.992879450 0.016670197 -0.117951155 -0.056973815 -0.015572921 0.999826610 0.010218394 -1.556149602 0.118101045 -0.008308789 0.992966771 5.143589973
0.994556904 0.014330216 -0.103204519 -0.075430930 -0.011755734 0.999605417 0.025510669 -1.606850386 0.103529394 -0.024158571 0.994332969 5.352330685
0.995904446 0.011605208 -0.089664236 -0.085190177 -0.008814123 0.999466121 0.031461686 -1.652418733 0.089981481 -0.030542523 0.995475054 5.527094364
0.994181454 0.015462928 -0.106602482 -0.102775365 -0.010913771 0.999010026 0.043126114 -1.704254508 0.107163779 -0.041711748 0.993366003 5.734192371
0.995182574 0.001871224 -0.098021597 -0.112358868 0.000748437 0.999643683 0.026681766 -1.764742732 0.098036587 -0.026626591 0.994826555 5.943940163
0.993955255 -0.014108000 -0.108875819 -0.113942385 0.013823319 0.999898791 -0.003369087 -1.807485104 0.108912311 0.001843696 0.994049668 6.093027115
0.994805992 0.022405881 -0.099292010 -0.158544362 -0.025882443 0.999091268 -0.033864673 -1.847551465 0.098442987 0.036258705 0.994481921 6.238784313
0.996858120 0.000994166 -0.079201616 -0.148587853 -0.001479936 0.999980390 -0.006074898 -1.894360065 0.079194047 0.006173025 0.996840119 6.456637859
0.996872365 -0.019027807 -0.076703191 -0.148934394 0.019207321 0.999814212 0.001603299 -1.967209697 0.076658428 -0.003071548 0.997052729 6.699372292
0.999027193 -0.012711843 -0.042228173 -0.166675314 0.014251024 0.999237478 0.036350306 -2.036035299 0.041733902 -0.036916740 0.998446584 6.945288658
0.999040186 -0.030995341 -0.030953109 -0.208001524 0.032421183 0.998383760 0.046677627 -2.089392185 0.029456306 -0.047636364 0.998430371 7.143372536
0.998397470 0.005692546 -0.056304961 -0.205208361 -0.002946247 0.998807132 0.048738707 -2.122128725 0.056515254 -0.048494712 0.997223318 7.320265293
0.994358182 0.002927420 -0.106034815 -0.197115302 0.002235185 0.998818874 0.048536301 -2.174067736 0.106051676 -0.048499469 0.993177176 7.461585522
0.989762366 0.000613769 -0.142724395 -0.220346987 0.005149631 0.999186039 0.040008441 -2.218739748 0.142632768 -0.040333826 0.988953590 7.617914200
0.989583254 0.017323466 -0.142915741 -0.259660363 -0.015088008 0.999746501 0.016710805 -2.266153336 0.143168986 -0.014380418 0.989593923 7.844205856
0.989830792 0.031621091 -0.138691202 -0.293232799 -0.031615760 0.999497592 0.002242090 -2.303283691 0.138692409 0.002165540 0.990333200 8.002629280
0.991841018 0.034012895 -0.122860149 -0.323718131 -0.035168041 0.999355197 -0.007245129 -2.354744434 0.122534499 0.011506770 0.992397666 8.176372528
0.990966022 0.026390081 -0.131490603 -0.344533026 -0.028581053 0.999481857 -0.014802933 -2.426705122 0.131031796 0.018427344 0.991206944 8.420831680
0.990813315 0.039952386 -0.129200488 -0.381507277 -0.041466963 0.999098897 -0.009052852 -2.476152897 0.128722370 0.014327241 0.991577148 8.603569031
0.992395043 0.033324655 -0.118496537 -0.399781168 -0.033341590 0.999442279 0.001840075 -2.526635170 0.118491776 0.002124785 0.992952824 8.792553902
0.992298186 0.028315794 -0.120592490 -0.414208710 -0.028525159 0.999593079 -0.000009891 -2.585161686 0.120543122 0.003449732 0.992702186 8.964989662
0.994159698 0.024020858 -0.105211399 -0.442344725 -0.026511235 0.999398947 -0.022335818 -2.650477886 0.104611650 0.024994658 0.994199097 9.167181015
0.997138023 0.038639646 -0.064983211 -0.465372801 -0.039361518 0.999176323 -0.009864813 -2.712944508 0.064548530 0.012394417 0.997837603 9.396883011
0.999052107 0.036156170 -0.024240315 -0.617262125 -0.036759414 0.999013364 -0.024920469 -2.739657640 0.023315374 0.025787909 0.999395490 9.410968781
0.999507546 0.018811170 -0.025114942 -0.609497130 -0.019492952 0.999440432 -0.027183635 -2.798317432 0.024589533 0.027659815 0.999314904 9.590781212
0.997048676 0.065612897 -0.039860018 -0.646794677 -0.065978155 0.997789621 -0.007916786 -2.850548983 0.039252475 0.010523312 0.999173939 9.797966003
0.996384323 0.042490076 -0.073571950 -0.646110713 -0.042653695 0.999089599 -0.000653420 -2.908905506 0.073477209 0.003789172 0.997289658 9.987270355
0.996746659 0.030220078 -0.074718267 -0.639917314 -0.030430820 0.999535382 -0.001683306 -2.963615894 0.074632682 0.003951568 0.997203290 10.173869133
0.995002210 0.053525764 -0.084294856 -0.697573721 -0.052595705 0.998528361 0.013217304 -3.058322191 0.084878266 -0.008717697 0.996353149 10.345695496
0.992709100 0.065157443 -0.101405315 -0.718282878 -0.061855208 0.997457922 0.035378508 -3.115163326 0.103452705 -0.028848127 0.994215906 10.558706284
0.993127465 0.052142404 -0.104780301 -0.725183368 -0.046365205 0.997306287 0.056836825 -3.168010235 0.107461661 -0.051588051 0.992869914 10.761734962
0.991067946 0.045158453 -0.125478968 -0.736793458 -0.039342072 0.998050332 0.048452254 -3.218110561 0.127422363 -0.043082878 0.990912378 10.964980125
0.992574275 0.035886623 -0.116226211 -0.753606200 -0.030797614 0.998499095 0.045289587 -3.263941288 0.117677048 -0.041373789 0.992189705 11.132889748
0.993586898 0.027635695 -0.109642506 -0.764886439 -0.025787182 0.999500990 0.018241974 -3.310539246 0.110091925 -0.015297612 0.993803680 11.331532478
0.995292544 0.035328031 -0.090248249 -0.788360655 -0.035523430 0.999368727 -0.000559301 -3.360140800 0.090171501 0.003762597 0.995919108 11.497142792
0.994903386 0.042717915 -0.091337308 -0.807304859 -0.041884627 0.999061644 0.011021496 -3.397773027 0.091722399 -0.007139693 0.995759010 11.679076195
0.993830323 0.045160323 -0.101301543 -0.826077998 -0.044277675 0.998959363 0.010945825 -3.467836380 0.101690441 -0.006392895 0.994795501 11.899388313
0.993666768 0.046897177 -0.102112226 -0.850508869 -0.046664860 0.998899698 0.004664055 -3.528784513 0.102218598 0.000130537 0.994761944 12.118468285
0.991059899 0.031228105 -0.129712120 -0.843034029 -0.033102065 0.999376118 -0.012315739 -3.566094398 0.129246607 0.016499376 0.991475224 12.258954048
0.990370631 0.032075889 -0.134674489 -0.873977542 -0.034723196 0.999246299 -0.017353784 -3.627578974 0.134016365 0.021863006 0.990737975 12.450489998
0.991328001 0.060022425 -0.116902001 -0.919904768 -0.062155511 0.997958481 -0.014684238 -3.677344561 0.115781941 0.021822996 0.993034899 12.644555092
0.992784679 0.040388528 -0.112904191 -0.927397609 -0.042763975 0.998910308 -0.018696431 -3.739866495 0.112026043 0.023389760 0.993429899 12.824964523
0.992007017 0.041798249 -0.119059093 -0.945771575 -0.043646965 0.998962998 -0.012961561 -3.796615362 0.118393868 0.018054524 0.992802501 13.019309998
0.992549837 0.044126749 -0.113567770 -0.966225624 -0.046129055 0.998821914 -0.015062581 -3.851417065 0.112769313 0.020189138 0.993416011 13.207259178
0.994237721 0.051781237 -0.093862019 -0.996452630 -0.053722877 0.998388588 -0.018276915 -3.912165165 0.092764363 0.023214135 0.995417416 13.406491280
0.993570924 0.058440320 -0.096962377 -1.020579815 -0.059526626 0.998191833 -0.008346217 -3.962115526 0.096299298 0.014064402 0.995253026 13.592618942
0.989921629 0.036590531 -0.136807606 -1.011093378 -0.038712725 0.999167323 -0.012883048 -4.028176308 0.136222303 0.018049402 0.990513861 13.766189575
0.990261137 0.057158872 -0.126947924 -1.058153391 -0.060578767 0.997892797 -0.023240769 -4.083129406 0.125352025 0.030704776 0.991637111 13.958204269
0.988810897 0.087623321 -0.120727703 -1.106031895 -0.091472439 0.995449424 -0.026707698 -4.134768009 0.117838107 0.037452117 0.992326379 14.157540321
0.992390454 0.053762667 -0.110774100 -1.103197217 -0.056058969 0.998270333 -0.017718215 -4.197050571 0.109629907 0.023793269 0.993687689 14.343906403
0.993931890 0.057070613 -0.094033420 -1.124543428 -0.058527384 0.998203695 -0.012805481 -4.262327671 0.093133710 0.018231306 0.995486677 14.548884392
0.994403839 0.039369758 -0.098035797 -1.132218122 -0.040479280 0.999136567 -0.009353609 -4.327040672 0.097582944 0.013269685 0.995138884 14.764411926
0.994206190 0.046119720 -0.097093657 -1.160948992 -0.047029428 0.998868227 -0.007100578 -4.393802166 0.096656308 0.011625698 0.995249867 14.966906548
0.994809866 0.030562049 -0.097053193 -1.156479597 -0.033694830 0.998957336 -0.030805465 -4.440181255 0.096010506 0.033915773 0.994802356 15.121815681
0.997297406 0.040296052 -0.061433829 -1.180319071 -0.041018046 0.999102831 -0.010536429 -4.500318527 0.060954168 0.013027850 0.998055458 15.345206261
0.997764468 0.032951932 -0.058140311 -1.181448817 -0.033231307 0.999440312 -0.003844711 -4.556700706 0.057981074 0.005768194 0.998301148 15.516830444
0.995636642 0.071393184 -0.060086831 -1.221717238 -0.072066844 0.997358084 -0.009117450 -4.608418465 0.059277162 0.013407936 0.998151481 15.699045181
0.997343242 0.024828861 -0.068483859 -1.195646048 -0.024834167 0.999691248 0.000774105 -4.656601906 0.068481937 0.000928691 0.997651935 15.852274895
0.998732030 0.020680230 -0.045898676 -1.211920500 -0.020894893 0.999772847 -0.004202020 -4.725450039 0.045801349 0.005155740 0.998937249 16.104587555
0.999007821 0.025067989 -0.036814071 -1.217546701 -0.025224317 0.999674678 -0.003788136 -4.780666828 0.036707141 0.004712987 0.999314904 16.286287308
0.998244524 0.059029300 -0.004851867 -1.248710036 -0.059059653 0.998234153 -0.006369876 -4.813233852 0.004467305 0.006645243 0.999967933 16.418209076
0.999439359 0.032521065 0.007967010 -1.225556135 -0.032345094 0.999249697 -0.021301769 -4.888217449 -0.008653790 0.021032130 0.999741375 16.642057419
0.999481082 0.030773178 -0.009527709 -1.230310917 -0.030947465 0.999345720 -0.018719655 -4.960421562 0.008945420 0.019004796 0.999779403 16.880105972
0.999846637 0.010519095 -0.014004469 -1.209776282 -0.010856480 0.999647319 -0.024236921 -4.996816635 0.013744593 0.024385242 0.999608159 16.985141754
0.999435425 0.032319337 0.009181706 -1.234107018 -0.032042269 0.999069452 -0.028870618 -5.049618244 -0.010106241 0.028560117 0.999540985 17.171979904
0.999621212 0.018562799 -0.020317310 -1.215187430 -0.019018995 0.999566078 -0.022495635 -5.125892162 0.019890910 0.022873530 0.999540448 17.388374329
0.999034643 0.043704007 0.004469422 -1.236159205 -0.043624982 0.998912215 -0.016469067 -5.193439484 -0.005184324 0.016258191 0.999854445 17.643013000
0.999549985 0.029993931 0.000327063 -1.222505927 -0.029983845 0.999401927 -0.017226350 -5.249572754 -0.000843553 0.017208792 0.999851584 17.814304352
0.999593019 0.028031966 0.005301062 -1.219547987 -0.027944993 0.999484122 -0.015825294 -5.300728321 -0.005741942 0.015670713 0.999860704 17.989713669
0.998947799 0.044477481 0.011181828 -1.232992172 -0.044202141 0.998739719 -0.023770165 -5.353413582 -0.012224973 0.023250893 0.999654949 18.166296005
0.999377370 0.035281990 -0.000418604 -1.220305562 -0.035284050 0.999238014 -0.016686164 -5.428035736 -0.000170436 0.016690545 0.999860704 18.405712128
0.999737918 0.022838535 0.001593231 -1.209365249 -0.022800442 0.999523103 -0.020823658 -5.495398998 -0.002068054 0.020781875 0.999781907 18.611900330
0.999487698 0.031805154 0.003579814 -1.215723515 -0.031766482 0.999441385 -0.010385856 -5.546050549 -0.003908138 0.010266819 0.999939680 18.793991089
0.999548137 0.029957682 0.002479130 -1.212014079 -0.029955406 0.999550760 -0.000950779 -5.600322247 -0.002506500 0.000876089 0.999996424 18.980440140
0.999532521 0.030531503 0.001553712 -1.211547732 -0.030524222 0.999523878 -0.004512822 -5.655699730 -0.001690755 0.004463288 0.999988616 19.157316208
0.999160171 0.033735309 -0.023257613 -1.207178712 -0.033959158 0.999379933 -0.009297977 -5.720705509 0.022929519 0.010079977 0.999686241 19.381483078
0.998770237 0.039775975 -0.029592801 -1.217654586 -0.040149275 0.999120057 -0.012128994 -5.771719456 0.029084321 0.013302208 0.999488592 19.558485031
0.999061882 0.040828325 -0.014435944 -1.220371962 -0.041057438 0.999029577 -0.015948182 -5.831945419 0.013770796 0.016525920 0.999768615 19.758573532
0.998643637 0.049466319 -0.016256135 -1.279086113 -0.049686655 0.998674393 -0.013441151 -5.891431808 0.015569704 0.014230630 0.999777496 20.009353638
0.998784542 0.048025101 -0.011091145 -1.245216250 -0.048193309 0.998718798 -0.015432464 -5.944561481 0.010335792 0.015948227 0.999819398 20.178249359
0.998425484 0.047706340 -0.029506067 -1.273292184 -0.048463050 0.998499811 -0.025485814 -6.013884068 0.028245963 0.026875641 0.999239683 20.394556046
0.997614145 0.063458435 -0.027185755 -1.330944657 -0.063787997 0.997897983 -0.011431162 -6.097866058 0.026403205 0.013138014 0.999565065 20.648288727
0.998126328 0.049345322 -0.036178865 -1.321073532 -0.050083738 0.998548806 -0.019795589 -6.136415005 0.035149541 0.021570470 0.999149323 20.778739929
0.996721148 0.000643394 -0.080910601 -1.276627779 -0.003501017 0.999374807 -0.035181452 -6.216949940 0.080837384 0.035349362 0.996100366 20.989768982
0.993005931 0.043595247 -0.109722182 -1.180846095 -0.047618140 0.998276055 -0.034313839 -6.276467323 0.108037107 0.039298605 0.993369818 21.107492447
0.994437337 0.043206774 -0.096059978 -1.193204403 -0.048392784 0.997456729 -0.052328866 -6.327922821 0.093554690 0.056686386 0.993999004 21.270603180
0.994003475 0.052869413 -0.095717818 -1.213563561 -0.055919312 0.998000443 -0.029464649 -6.403743744 0.093968637 0.034640443 0.994972348 21.528892517
0.992262006 0.039834090 -0.117598139 -1.221543074 -0.045659523 0.997838378 -0.047264572 -6.469200134 0.115461186 0.052268319 0.991935909 21.678882599
0.993829370 0.027729891 -0.107397817 -1.229478598 -0.031115294 0.999066234 -0.029975418 -6.532636642 0.106466316 0.033132162 0.993764162 21.903545380
0.991522729 0.010312378 -0.129523605 -1.225881219 -0.014371698 0.999433100 -0.030444864 -6.570762157 0.129136220 0.032048248 0.991108894 22.046148300
0.993026733 0.027921652 -0.114535235 -1.265792608 -0.032096859 0.998879731 -0.034772389 -6.636614323 0.113436028 0.038206141 0.992810428 22.262475967
0.992595375 0.071276382 -0.098356031 -1.313605547 -0.074975900 0.996590495 -0.034440178 -6.687083244 0.095565900 0.041559499 0.994555175 22.423074722
0.992478430 0.033344317 -0.117790855 -1.303093195 -0.038060676 0.998551965 -0.038019698 -6.753857613 0.116352543 0.042216934 0.992310345 22.629476547
0.994843423 0.033308614 -0.095797233 -1.335457206 -0.036029004 0.998991072 -0.026808787 -6.827170372 0.094807625 0.030122023 0.995039761 22.852157593
0.995317757 0.026117118 -0.093062162 -1.341374278 -0.029250110 0.999044895 -0.032461971 -6.883547783 0.092125475 0.035032049 0.995131016 23.008934021
0.997238100 0.034270685 -0.065891102 -1.371063948 -0.036509573 0.998785615 -0.033080075 -6.941171646 0.064677417 0.035394363 0.997278273 23.192827225
0.997075140 0.007585132 -0.076050304 -1.354030371 -0.009511975 0.999642015 -0.025006233 -7.006721497 0.075833410 0.025656480 0.996790290 23.402288437
0.998565912 0.010569345 -0.052483637 -1.323124528 -0.011691185 0.999708712 -0.021114225 -7.046781063 0.052245185 0.021697540 0.998398542 23.592834473
0.999032974 0.032058157 -0.030087858 -1.376710773 -0.033137906 0.998798430 -0.036101796 -7.118840218 0.028894357 0.037063930 0.998895049 23.764656067
0.999720275 0.017558968 -0.015846118 -1.362978935 -0.017643375 0.999830723 -0.005202755 -7.172169209 0.015752085 0.005480874 0.999860883 23.986734390
0.999828041 0.015647426 -0.009949418 -1.440963864 -0.015738711 0.999834120 -0.009163202 -7.260179520 0.009804386 0.009318217 0.999908507 24.170452118
0.999907136 0.013484655 0.001943147 -1.437674522 -0.013479757 0.999905944 -0.002511319 -7.309176445 -0.001976828 0.002484892 0.999994993 24.360742569
0.999908447 -0.007530372 0.011243589 -1.506974578 0.007462121 0.999953568 0.006099886 -7.413236618 -0.011289000 -0.006015426 0.999918103 24.491094589
0.999713361 0.023548888 0.004313280 -1.537867308 -0.023539590 0.999720454 -0.002194268 -7.447616100 -0.004363745 0.002092107 0.999988198 24.660732269
0.999935508 0.003587903 0.010773619 -1.485790491 -0.003712761 0.999925971 0.011591639 -7.492553234 -0.010731230 -0.011630891 0.999874830 24.805614471
0.999465704 -0.021294694 -0.024796378 -1.423998356 0.021560023 0.999712586 0.010482485 -7.571128845 0.024566034 -0.011011494 0.999637604 24.912775040
0.998522460 0.053296886 -0.010595195 -1.434972286 -0.053390212 0.998535693 -0.008729182 -7.592297077 0.010114444 0.009281963 0.999905765 25.067201614
0.999860704 0.015335151 0.006572506 -1.497798681 -0.015215808 0.999725103 -0.017838730 -7.646763802 -0.006844257 0.017736239 0.999819219 25.417917252
0.999589741 0.020402653 0.020104952 -1.497158051 -0.020383755 0.999791563 -0.001144426 -7.690868378 -0.020124113 0.000734142 0.999797225 25.665719986
0.999723434 -0.022281373 -0.007522278 -1.458349109 0.022223772 0.999723732 -0.007656214 -7.736088753 0.007690788 0.007486923 0.999942362 25.811721802
0.999746084 -0.022499921 -0.001240155 -1.435484529 0.022494672 0.999738574 -0.004096815 -7.788370609 0.001332009 0.004067878 0.999990821 25.999116898
0.999777377 -0.005986138 0.020233594 -1.441623449 0.005502001 0.999699235 0.023899036 -7.851674557 -0.020370571 -0.023782389 0.999509633 26.227272034
0.999713421 0.004925225 0.023425929 -1.440811157 -0.005115150 0.999954462 0.008054399 -7.922186375 -0.023385195 -0.008171920 0.999693096 26.360616684
0.999994636 0.001692048 -0.002780313 -1.425820112 -0.001665750 0.999954104 0.009434079 -7.962080479 0.002796153 -0.009429398 0.999951661 26.520526886
0.999882579 -0.010956740 0.010710308 -1.413942814 0.010626068 0.999479473 0.030458434 -8.009174347 -0.011038460 -0.030341052 0.999478638 26.733245850
0.999974132 -0.007020465 -0.001567781 -1.399552822 0.007067940 0.999441206 0.032666288 -8.073886871 0.001337573 -0.032676525 0.999465108 26.958106995
0.999620259 0.018239567 -0.020654218 -1.416440606 -0.017274946 0.998794079 0.045956146 -8.118486404 0.021467529 -0.045581896 0.998729944 27.111917496
0.999858141 0.016003836 0.005268950 -1.452513695 -0.016061036 0.999810457 0.010998770 -8.149897575 -0.005091930 -0.011081831 0.999925554 27.187885284
0.999738753 0.008554363 0.021193042 -1.443651199 -0.008813524 0.999887109 0.012165634 -8.202153206 -0.021086581 -0.012349241 0.999701381 27.427085876
0.999752641 0.014007490 0.017276596 -1.451771736 -0.013924506 0.999890924 -0.004914343 -8.253003120 -0.017343551 0.004672560 0.999838650 27.599180222
0.999946058 0.001817099 0.010210525 -1.438018680 -0.001939583 0.999926150 0.011998986 -8.303784370 -0.010187969 -0.012018145 0.999875903 27.824745178
0.999000847 0.042004634 0.015258692 -1.465441585 -0.042018317 0.999116659 0.000576830 -8.343827248 -0.015220985 -0.001217398 0.999883354 27.984119415
0.999526203 0.010262764 -0.029017419 -1.432493925 -0.010018666 0.999913335 0.008544953 -8.390605927 0.029102596 -0.008250190 0.999542356 28.151283264
0.999383688 0.018575704 -0.029781085 -1.453752637 -0.018617975 0.999825954 -0.001142709 -8.447070122 0.029754674 0.001696469 0.999555767 28.377531052
0.999733865 -0.005074656 -0.022501696 -1.434166789 0.005196840 0.999972045 0.005374799 -8.509838104 0.022473795 -0.005490305 0.999732435 28.603040695
0.999558926 0.014056759 -0.026159056 -1.453728557 -0.013794645 0.999853075 0.010173733 -8.545008659 0.026298221 -0.009808389 0.999606013 28.745756149
0.999278247 -0.004265299 -0.037746780 -1.419497252 0.003938564 0.999954164 -0.008726116 -8.613330841 0.037782278 0.008571153 0.999249160 28.946077347
0.997707844 0.000532187 -0.067667402 -1.431833744 -0.000016519 0.999971032 0.007620966 -8.662740707 0.067669488 -0.007602378 0.997678757 29.154481888
0.997105300 0.024603019 -0.071942650 -1.436137199 -0.024520567 0.999697268 0.002029176 -8.713981628 0.071970806 -0.000259226 0.997406662 29.252166748
0.995937049 0.013511704 -0.089033470 -1.431111097 -0.011319457 0.999621332 0.025081789 -8.764334679 0.089338660 -0.023972068 0.995712757 29.456304550
0.995395362 0.026828302 -0.092023283 -1.449320793 -0.025225347 0.999509931 0.018538376 -8.808204651 0.092475548 -0.016131692 0.995584309 29.613109589
0.993103147 -0.029538238 -0.113461912 -1.417338967 0.032116771 0.999264240 0.020965289 -8.880636215 0.112759143 -0.024464726 0.993321121 29.848344803
0.994509935 -0.010784143 -0.104084536 -1.452311754 0.012943133 0.999714375 0.020089559 -8.924121857 0.103838161 -0.021326449 0.994365513 30.041173935
0.993250489 0.040827300 -0.108566761 -1.498460770 -0.040658720 0.999166012 0.003766877 -8.949430466 0.108630009 0.000672733 0.994082034 30.175325394
0.989934385 0.019591559 -0.140164495 -1.498394489 -0.017531244 0.999719560 0.015919030 -9.018638611 0.140437096 -0.013301537 0.990000248 30.417201996
0.988057017 0.033811215 -0.150333524 -1.529137135 -0.031880163 0.999375522 0.015237331 -9.048947334 0.150754824 -0.010262693 0.988517940 30.576175690
0.989229858 0.031096203 -0.143028945 -1.557426691 -0.028288666 0.999365985 0.021621432 -9.108332634 0.143610597 -0.017342471 0.989482343 30.771076202
0.994189084 0.045159042 -0.097717278 -1.587905526 -0.042644624 0.998707175 0.027669996 -9.148874283 0.098840483 -0.023342092 0.994829476 31.015981674
0.997219801 0.021905662 -0.071225479 -1.558652401 -0.021582065 0.999752998 0.005309820 -9.144665718 0.071324222 -0.003757864 0.997446120 31.209274292
0.998345792 0.042428046 -0.038803004 -1.580041051 -0.040768098 0.998259544 0.042613976 -9.176230431 0.040543504 -0.040961556 0.998337805 31.414016724
0.998913944 -0.000858830 -0.046587873 -1.557903647 0.004077217 0.997606158 0.069031246 -9.265563011 0.046417065 -0.069146216 0.996526122 31.521926880
0.999404669 0.027443156 0.020907097 -1.693471074 -0.028678568 0.997708380 0.061281901 -9.321884155 -0.019177422 -0.061845005 0.997901559 31.526269913
0.999291301 0.003772549 0.037451789 -1.766423106 -0.006004860 0.998199940 0.059672598 -9.329957008 -0.037159257 -0.059855200 0.997515202 31.646028519
0.999232352 0.011226291 0.037530053 -1.762083769 -0.013030089 0.998754263 0.048168909 -9.355012894 -0.036942549 -0.048620950 0.998133957 31.802434921
0.999187708 0.040296819 0.000126258 -1.771374464 -0.040265121 0.998267353 0.042906359 -9.402114868 0.001602955 -0.042876590 0.999079168 31.991235733
0.998687863 0.047051612 -0.020213969 -1.791657209 -0.046365280 0.998373568 0.033176702 -9.451369286 0.021742107 -0.032195952 0.999244988 32.104553223
0.999110460 0.021743497 -0.036132138 -1.820966482 -0.019904256 0.998525381 0.050505921 -9.556460381 0.037177034 -0.049741812 0.998069942 32.167808533
0.996624470 0.061539009 -0.054337323 -1.857753992 -0.058776688 0.996964991 0.051050510 -9.586008072 0.057314001 -0.047684420 0.997216761 32.320369720
0.997255921 0.030057458 -0.067655586 -1.829384804 -0.027545914 0.998907268 0.037754286 -9.635185242 0.068716459 -0.035787050 0.996994138 32.515617371
0.992386878 -0.010668464 -0.122696571 -1.724797487 0.017069306 0.998540699 0.051235825 -9.721138000 0.121970907 -0.052940108 0.991120815 32.711643219
0.992980599 0.048865009 -0.107710481 -1.795904398 -0.046706248 0.998655856 0.022476265 -9.753424644 0.108663991 -0.017287754 0.993928194 32.884559631
0.994055212 0.045914888 -0.098721817 -1.811780691 -0.042432815 0.998410702 0.037087530 -9.788580894 0.100267798 -0.032678004 0.994423687 33.082759857
0.990295589 0.022340102 -0.137169167 -1.802304745 -0.016058866 0.998778522 0.046729080 -9.834280968 0.138045549 -0.044072825 0.989444792 33.236915588
0.976538777 0.037094899 -0.212122545 -1.801179886 -0.028110664 0.998581767 0.045215055 -9.909936905 0.213498920 -0.038191348 0.976196468 33.392951965
0.963821173 0.058124363 -0.260135174 -1.853269100 -0.061717439 0.998077631 -0.005658366 -9.915522575 0.259306192 0.021508515 0.965555668 33.566352844
0.953781843 0.123053946 -0.274149448 -2.006173134 -0.133184612 0.990917087 -0.018576697 -9.918318748 0.269373536 0.054230608 0.961507559 33.770641327
0.946225286 0.193327755 -0.259387940 -2.138247490 -0.201418459 0.979493916 -0.004718434 -9.970902443 0.253156722 0.056710228 0.965761662 33.931945801
0.934514880 0.195445612 -0.297460675 -2.196603298 -0.207159206 0.978274107 -0.008048046 -10.023284912 0.289425135 0.069142744 0.954700112 34.103855133
0.914405107 0.238552243 -0.327041179 -2.269142151 -0.258615434 0.965801060 -0.018607106 -10.056402206 0.311417937 0.101592332 0.944826901 34.282363892
0.906341255 0.200569585 -0.371910363 -2.300363541 -0.211772010 0.977257729 0.010944718 -10.127456665 0.365647435 0.068840563 0.928204179 34.470809937
0.884038210 0.221825272 -0.411424458 -2.398348808 -0.253222555 0.967142701 -0.022657080 -10.174301147 0.392880261 0.124211662 0.911162198 34.609779358
0.881316841 0.212560669 -0.422017336 -2.484775543 -0.238647029 0.971062005 -0.009274678 -10.219933510 0.407833546 0.108887114 0.906540334 34.780067444
0.878802657 0.213202283 -0.426908255 -2.567113876 -0.235644281 0.971839309 0.000265878 -10.270549774 0.414942890 0.100364834 0.904294908 34.956932068
0.869651139 0.207775414 -0.447812736 -2.644894600 -0.231628194 0.972803116 0.001538234 -10.319258690 0.435953230 0.102388322 0.894126058 35.118164062
0.880695462 0.197752863 -0.430429131 -2.728514671 -0.217256352 0.976106644 0.003929079 -10.383194923 0.420921713 0.090053134 0.902615845 35.298233032
0.874630332 0.210186675 -0.436856300 -2.825511932 -0.220875740 0.974932075 0.026858084 -10.427970886 0.431550384 0.073000059 0.899130344 35.434078217
0.855007112 0.212264717 -0.473187864 -2.909611702 -0.218332410 0.974933982 0.042833634 -10.483663559 0.470418960 0.066689178 0.879919529 35.628025055
0.840143681 0.289598137 -0.458575606 -3.060755730 -0.304237604 0.951599419 0.043565687 -10.504062653 0.448996842 0.102914490 0.887586832 35.752822876
0.844129324 0.227553099 -0.485453844 -3.076241493 -0.243383646 0.969428003 0.031206109 -10.553872108 0.477713585 0.091809534 0.873705149 35.875698090
0.856037199 0.218129024 -0.468636513 -3.193676949 -0.236820817 0.971356928 0.019532703 -10.600064278 0.459473997 0.094262160 0.883175075 36.090091705
0.846712708 0.219516963 -0.484654397 -3.296621323 -0.250263751 0.968176842 0.001299302 -10.662295341 0.469516337 0.120191298 0.874704838 36.239356995
0.846809626 0.266378254 -0.460386902 -3.376618385 -0.291118026 0.956518292 0.017972037 -10.701127052 0.445155829 0.118808046 0.887536407 36.344570160
0.860636413 0.233852327 -0.452347338 -3.453440666 -0.260032505 0.965589523 0.004447805 -10.760576248 0.437822044 0.113797054 0.891830742 36.540962219
0.876410842 0.195948571 -0.439895660 -3.522659302 -0.229235202 0.973093271 -0.023251027 -10.826798439 0.423503488 0.121217035 0.897747874 36.716819763
0.892444134 0.161166459 -0.421389192 -3.590786934 -0.197136402 0.979436636 -0.042907897 -10.903321266 0.405808628 0.121364050 0.905864298 36.927310944
0.914625168 0.139777824 -0.379371732 -3.646107674 -0.168115020 0.984853268 -0.042442732 -10.971049309 0.367692947 0.102597266 0.924270391 37.092296600
0.925893188 0.230416805 -0.299382389 -3.886527061 -0.251444459 0.967303514 -0.033160742 -10.999113083 0.281952918 0.105981365 0.953556716 37.084785461
0.935092866 0.232745558 -0.267265558 -4.050116539 -0.243665680 0.969826579 -0.007959045 -11.108380318 0.257348806 0.072565883 0.963590026 37.150650024
0.932739615 0.234146997 -0.274175406 -4.098814011 -0.248126149 0.968579471 -0.016949365 -11.149907112 0.261592001 0.083839424 0.961530387 37.293571472
0.920875788 0.264697075 -0.286222309 -4.193593502 -0.283927321 0.958462358 -0.027110469 -11.208602905 0.267157286 0.106231719 0.957779586 37.487850189
0.923354268 0.244792208 -0.295793235 -4.233638287 -0.257382154 0.966302395 -0.003758261 -11.262613297 0.284905732 0.079602122 0.955244601 37.666118622
0.937775433 0.218315586 -0.270029068 -4.266672611 -0.234855577 0.971563399 -0.030123848 -11.314817429 0.255773872 0.091667242 0.962380767 37.802665710
0.952055693 0.208085820 -0.224254996 -4.250070572 -0.217606306 0.975864589 -0.018326208 -11.393557549 0.215029076 0.066246852 0.974358201 37.988975525
0.959797502 0.169381827 -0.223826617 -4.175536156 -0.179510653 0.983424067 -0.025554391 -11.469658852 0.215788037 0.064706318 0.974293888 38.106472015
0.958137870 0.171477973 -0.229275286 -4.141850471 -0.185441554 0.981814325 -0.040645707 -11.472040176 0.218135878 0.081461355 0.972512603 38.163089752
0.964604020 0.137629718 -0.224938139 -4.082185745 -0.163077414 0.981665134 -0.098688856 -11.470957756 0.207231402 0.131877989 0.969362319 38.251548767
0.970883191 0.091314420 -0.221466735 -3.976491928 -0.119673982 0.985752642 -0.118194178 -11.502531052 0.207518563 0.141256541 0.967978597 38.494003296
0.972922623 0.059838425 -0.223250791 -3.903119564 -0.080624908 0.993098199 -0.085179545 -11.630414963 0.216612935 0.100872681 0.971032202 38.695926666
0.969977081 -0.067918926 -0.233519495 -3.783215523 0.055836920 0.996755362 -0.057973869 -11.733360291 0.236699313 0.043194313 0.970622301 38.918491364
0.963512123 -0.107877277 -0.244963124 -3.743564606 0.107123934 0.994109809 -0.016437786 -11.834136963 0.245293468 -0.010403411 0.969393015 39.039398193
0.945838213 -0.191900820 -0.261847496 -3.671839714 0.193581119 0.980888069 -0.019617634 -11.899623871 0.260607779 -0.032133631 0.964909792 39.086273193
0.930472851 -0.264044553 -0.253969997 -3.623547554 0.256554484 0.964487076 -0.062804863 -11.926449776 0.261534095 -0.006718934 0.965170801 39.181980133
0.962169707 -0.181491017 -0.203200638 -3.736572266 0.171565577 0.982986867 -0.065590791 -11.969255447 0.211647674 0.028247245 0.976937771 39.342800140
0.984161377 -0.115750618 -0.134268805 -3.818376303 0.112608239 0.993162274 -0.030792337 -12.032775879 0.136914909 0.015184864 0.990466416 39.557666779
0.991804600 -0.088515878 -0.092133313 -3.885117054 0.090019181 0.995864213 0.012282349 -12.110043526 0.090665087 -0.020475456 0.995670915 39.706066132
0.991087437 -0.097825959 -0.090420082 -3.894441366 0.100036733 0.994777918 0.020239394 -12.166692734 0.087967955 -0.029104341 0.995697975 39.869438171
0.993519425 -0.076261245 -0.084281683 -3.912980080 0.076037042 0.997087657 -0.005871593 -12.205183029 0.084483981 -0.000574986 0.996424675 40.018630981
0.990892112 -0.091065973 -0.099195346 -3.973813534 0.091693752 0.995785654 0.001778490 -12.256039619 0.098615348 -0.010857886 0.995066404 40.175777435
0.988291442 -0.070333868 -0.135399848 -4.001430511 0.068815351 0.997503221 -0.015868915 -12.308875084 0.136177868 0.006365527 0.990664005 40.372104645
0.971314430 -0.101830512 -0.214892656 -3.998366833 0.102661453 0.994689345 -0.007320865 -12.361723900 0.214496911 -0.014950328 0.976610243 40.564605713
0.961614251 -0.099592015 -0.255694240 -4.022049904 0.102987543 0.994682610 -0.000110165 -12.416472435 0.254345596 -0.026227381 0.966757655 40.759605408
0.945450008 -0.097789705 -0.310743511 -4.056179047 0.102893189 0.994692445 0.000031172 -12.467363358 0.309091181 -0.032002863 0.950493753 40.943279266
0.943034828 -0.084150903 -0.321875960 -4.119762421 0.092595629 0.995643198 0.010987557 -12.526892662 0.319549024 -0.040165965 0.946718097 41.101337433
0.928776979 -0.097520180 -0.357579350 -4.128149033 0.113017507 0.993334889 0.022646405 -12.588778496 0.352987528 -0.061446197 0.933608115 41.230552673
0.921163082 -0.080653302 -0.380727530 -4.201425552 0.091670245 0.995730281 0.010859022 -12.640709877 0.378226072 -0.044904321 0.924623489 41.408180237
0.901911676 -0.078088112 -0.424802959 -4.259021759 0.089343362 0.995978951 0.006604725 -12.689261436 0.422579110 -0.043910213 0.905261695 41.590290070
0.889751196 -0.081924088 -0.449033648 -4.325299263 0.086483620 0.996199131 -0.010386307 -12.737178802 0.448177814 -0.029592823 0.893454432 41.737602234
0.884930789 -0.096074142 -0.455705225 -4.397473335 0.101952933 0.994719982 -0.011730384 -12.796532631 0.454426169 -0.036079902 0.890053391 41.924190521
0.893896163 -0.083752267 -0.440380871 -4.474857330 0.095318034 0.995438159 0.004165052 -12.831312180 0.438023090 -0.045699358 0.897801399 42.080440521
0.892703772 -0.076923065 -0.444030136 -4.569671631 0.077085584 0.996867061 -0.017718347 -12.889065742 0.444001973 -0.018411083 0.895836592 42.256725311
0.898454964 -0.099836178 -0.427564502 -4.650542259 0.100037493 0.994739115 -0.022059308 -12.947659492 0.427517444 -0.022953182 0.903715670 42.457260132
0.889091074 -0.107387997 -0.444954872 -4.718123436 0.108645871 0.993819952 -0.022762425 -12.972385406 0.444649428 -0.028104637 0.895263612 42.617641449
0.892609060 -0.097206302 -0.440227211 -4.790066719 0.102525897 0.994660974 -0.011747942 -13.062629700 0.439018786 -0.034648370 0.897809565 42.798446655
0.886466265 -0.088389002 -0.454274058 -4.863633156 0.096514575 0.995317400 -0.005323197 -13.115904808 0.452617347 -0.039125226 0.890846133 42.983135223
0.882449150 -0.098590098 -0.459960252 -4.922410011 0.114650056 0.993381143 0.007033914 -13.169493675 0.456222266 -0.058941536 0.887911618 43.151859283
0.894375682 -0.111936517 -0.433084726 -4.999223709 0.127559379 0.991805732 0.007081158 -13.224362373 0.428743213 -0.061577231 0.901325405 43.347942352
0.909318030 -0.102804035 -0.403202206 -5.069204330 0.117094204 0.993061304 0.010875896 -13.273356438 0.399286360 -0.057102300 0.915046275 43.496646881
0.907555461 -0.118902802 -0.402746916 -5.134875298 0.131621927 0.991292179 0.003939934 -13.337703705 0.398771316 -0.056586031 0.915302932 43.717273712
0.920415998 -0.074377224 -0.383799970 -5.245525360 0.092723526 0.995254993 0.029494325 -13.383833885 0.379785061 -0.062734336 0.922945082 43.889724731
0.921515167 -0.074089557 -0.381209284 -5.301395416 0.087834194 0.995958567 0.018757224 -13.426548958 0.378278792 -0.050768279 0.924298465 44.045864105
0.915492952 -0.103235938 -0.388863742 -5.374660492 0.123703055 0.991927147 0.027893435 -13.488327980 0.382844836 -0.073639885 0.920872867 44.297386169
0.934165597 -0.056432318 -0.352349281 -5.458510399 0.074270949 0.996540129 0.037304744 -13.538290977 0.349025041 -0.061018117 0.935124755 44.457145691
0.926002681 -0.080521487 -0.368829608 -5.484030724 0.099102020 0.994572937 0.031679269 -13.575911522 0.364277035 -0.065886848 0.928957045 44.615653992
0.913461506 -0.082885131 -0.398394346 -5.542972565 0.108465143 0.993210137 0.042059787 -13.625020981 0.392203152 -0.081631899 0.916249335 44.812759399
0.908372521 -0.098385990 -0.406422913 -5.535319328 0.119262911 0.992514551 0.026291877 -13.670763016 0.400793970 -0.072354011 0.913306713 44.956947327
0.902797222 -0.082591459 -0.422061533 -5.611207962 0.091219664 0.995830715 0.000250522 -13.715003967 0.420281202 -0.038726471 0.906567097 45.114727020
0.909290791 -0.092826046 -0.405676693 -5.689456940 0.100253254 0.994957566 -0.002954574 -13.770061493 0.403905332 -0.037983842 0.914011896 45.305870056
0.907599330 -0.064700231 -0.414822042 -5.798294067 0.078370713 0.996795893 0.015997913 -13.829984665 0.412457854 -0.047029603 0.909761906 45.484069824
0.914874792 -0.079821207 -0.395768493 -5.842247963 0.084058754 0.996438622 -0.006654656 -13.876042366 0.394890159 -0.027179627 0.918326259 45.658161163
0.909929276 -0.084707424 -0.406021535 -5.904641151 0.091693617 0.995784760 -0.002255209 -13.927365303 0.404501110 -0.035177507 0.913860738 45.811103821
0.895421505 -0.089665212 -0.436096907 -5.963187218 0.096844584 0.995282710 -0.005791169 -13.974309921 0.434558988 -0.037048090 0.899881184 46.000518799
0.875031054 -0.077138200 -0.477881134 -6.050299644 0.087309837 0.996180773 -0.000930738 -14.039307594 0.476127803 -0.040909298 0.878424048 46.185089111
0.875668108 -0.036330488 -0.481544882 -6.159583092 0.048720486 0.998724580 0.013246581 -14.095546722 0.480449468 -0.035060719 0.876321316 46.357418060
0.879338026 -0.042419966 -0.474304944 -6.250727654 0.052689314 0.998575747 0.008374713 -14.144145966 0.473274201 -0.032355018 0.880320787 46.530429840
0.878336191 -0.032083705 -0.476965696 -6.329436302 0.042202163 0.999053776 0.010513003 -14.193377495 0.476177067 -0.029362939 0.878859043 46.668395996
0.882404029 -0.013089227 -0.470310330 -6.448036194 0.026532844 0.999406576 0.021966826 -14.243095398 0.469743729 -0.031862292 0.882227659 46.868915558
