1.000000000 0.000000000 0.000000000 0.000000000 0.000000000 1.000000000 0.000000000 0.000000000 0.000000000 0.000000000 1.000000000 0.000000000
1.000000000 -0.000110182 0.000095597 -0.012986132 0.000110042 0.999998927 0.001456448 -0.013322584 -0.000095757 -0.001456438 0.999998927 1.318217397
0.999998569 -0.001579814 -0.000647961 -0.007656673 0.001580970 0.999997079 0.001786535 -0.039167304 0.000645137 -0.001787557 0.999998152 2.616366148
0.999995828 -0.002791974 -0.000709628 -0.010947207 0.002792455 0.999995887 0.000677542 -0.053873409 0.000707734 -0.000679520 0.999999523 3.927884340
0.999995649 -0.002888862 -0.000513020 -0.022677312 0.002889222 0.999995589 0.000702978 -0.071021445 0.000510987 -0.000704457 0.999999642 5.251078606
0.999992192 -0.003865798 -0.000772495 -0.019078394 0.003867121 0.999991059 0.001719068 -0.097789153 0.000765843 -0.001722042 0.999998212 6.572803974
0.999986231 -0.005237920 -0.000305936 -0.029949592 0.005238704 0.999982774 0.002622037 -0.110279620 0.000292197 -0.002623603 0.999996543 7.900462151
0.999989390 -0.004572257 -0.000448928 -0.036981985 0.004573724 0.999984026 0.003322828 -0.132374913 0.000433728 -0.003324846 0.999994397 9.233695984
0.999993622 -0.003510366 -0.000651587 -0.047227040 0.003511253 0.999992907 0.001365485 -0.148558766 0.000646789 -0.001367764 0.999998927 10.580282211
0.999998629 -0.001264277 -0.001077244 -0.048103604 0.001263754 0.999999106 -0.000485868 -0.174622685 0.001077857 0.000484506 0.999999285 11.922007561
0.999996722 0.002536174 -0.000483202 -0.070232265 -0.002536783 0.999996006 -0.001264033 -0.198753566 0.000479994 0.001265255 0.999999046 13.258069038
0.999990046 0.004410348 -0.000631347 -0.083061397 -0.004411257 0.999989152 -0.001444899 -0.219415486 0.000624968 0.001447670 0.999998689 14.599124908
0.999983847 0.005655151 -0.000538864 -0.090861566 -0.005655468 0.999983788 -0.000586749 -0.239367455 0.000535537 0.000589787 0.999999702 15.950900078
0.999994636 0.003263691 -0.000018131 -0.097125262 -0.003263644 0.999992251 0.002161145 -0.262273669 0.000025184 -0.002161074 0.999997675 17.316938400
0.999999583 -0.000930762 0.000115436 -0.100997940 0.000930282 0.999991179 0.004098869 -0.282081604 -0.000119251 -0.004098760 0.999991655 18.670162201
0.999995291 -0.003077988 -0.000088896 -0.108092748 0.003078131 0.999993861 0.001674214 -0.297424793 0.000083742 -0.001674479 0.999998629 20.013664246
0.999988675 -0.004744152 -0.000313071 -0.105023652 0.004744196 0.999988735 0.000142725 -0.326213866 0.000312391 -0.000144208 0.999999940 21.386228561
0.999998152 -0.001692117 0.000889675 -0.129216298 0.001693542 0.999997318 -0.001603490 -0.341580391 -0.000886960 0.001604994 0.999998271 22.729953766
0.999998808 0.000710930 0.001355497 -0.132396847 -0.000711046 0.999999702 0.000084672 -0.354130805 -0.001355436 -0.000085636 0.999999106 24.109193802
0.999998331 0.000854173 0.001593919 -0.131795704 -0.000860992 0.999990463 0.004282156 -0.391032428 -0.001590246 -0.004283523 0.999989569 25.478689194
0.999995470 -0.001136909 0.002788537 -0.145158052 0.001119856 0.999980748 0.006109196 -0.398561358 -0.002795429 -0.006106046 0.999977529 26.850463867
0.999981940 -0.005707098 0.001866734 -0.132217169 0.005699099 0.999974668 0.004262640 -0.414966524 -0.001891013 -0.004251923 0.999989152 28.230569839
0.999982417 -0.005640714 0.001825740 -0.133706897 0.005637367 0.999982417 0.001833094 -0.427503228 -0.001836048 -0.001822769 0.999996603 29.607231140
0.999977648 -0.006109984 0.002716540 -0.139233112 0.006111908 0.999981105 -0.000700319 -0.450155139 -0.002712210 0.000716907 0.999996006 30.984737396
0.999989688 -0.002966183 0.003440948 -0.152105927 0.002970599 0.999994814 -0.001279212 -0.476159394 -0.003437136 0.001289421 0.999993205 32.358528137
0.999990463 -0.002124094 0.003804467 -0.153999642 0.002136381 0.999992490 -0.003228625 -0.503749490 -0.003797580 0.003236722 0.999987543 33.744888306
0.999991536 -0.001624765 0.003778857 -0.152101621 0.001635073 0.999994934 -0.002726528 -0.526567876 -0.003774408 0.002732684 0.999989152 35.138393402
0.999991655 -0.000561659 0.004053020 -0.167726398 0.000568595 0.999998331 -0.001710364 -0.549193203 -0.004052053 0.001712654 0.999990284 36.520591736
0.999992490 0.000719268 0.003814306 -0.174905613 -0.000718779 0.999999642 -0.000129385 -0.571747184 -0.003814398 0.000126642 0.999992728 37.918895721
0.999987245 0.003360723 0.003771508 -0.176373079 -0.003361916 0.999994278 0.000310138 -0.600311995 -0.003770445 -0.000322814 0.999992847 39.327865601
0.999973118 0.005931707 0.004313865 -0.189359874 -0.005931480 0.999982417 -0.000065214 -0.621708751 -0.004314176 0.000039625 0.999990761 40.716796875
0.999958754 0.008059043 0.004190004 -0.189985052 -0.008059847 0.999967515 0.000174879 -0.642065763 -0.004188460 -0.000208643 0.999991179 42.132877350
0.999954820 0.008731394 0.003751746 -0.189925000 -0.008732393 0.999961853 0.000250259 -0.664772987 -0.003749418 -0.000283009 0.999992907 43.539817810
0.999963641 0.007733456 0.003579295 -0.201324344 -0.007734790 0.999969959 0.000358658 -0.692087054 -0.003576415 -0.000386330 0.999993503 44.944622040
0.999972522 0.006926098 0.002638960 -0.198752165 -0.006926541 0.999975979 0.000158329 -0.714193642 -0.002637800 -0.000176603 0.999996543 46.344326019
0.999980152 0.006114133 0.001595176 -0.200381845 -0.006114465 0.999981284 0.000202610 -0.737078011 -0.001593907 -0.000212360 0.999998629 47.754737854
0.999978542 0.006542536 0.000458483 -0.202579707 -0.006543096 0.999977887 0.001226980 -0.755821288 -0.000450445 -0.001229953 0.999999106 49.182205200
0.999975502 0.006978486 -0.000532250 -0.214630112 -0.006977893 0.999975026 0.001107319 -0.780921698 0.000539965 -0.001103578 0.999999225 50.596267700
0.999971986 0.007296766 -0.001678184 -0.227438331 -0.007294086 0.999972105 0.001597703 -0.800411046 0.001689795 -0.001585418 0.999997377 52.012207031
0.999970019 0.007177558 -0.002923618 -0.236992717 -0.007169755 0.999970675 0.002671157 -0.823294163 0.002942705 -0.002650115 0.999992192 53.429809570
0.999980271 0.005571316 -0.002909105 -0.263350576 -0.005560843 0.999978065 0.003595676 -0.851059496 0.002929074 -0.003579427 0.999989331 54.861232758
0.999985158 0.004055496 -0.003647083 -0.267723978 -0.004041336 0.999984205 0.003881454 -0.869408548 0.003662766 -0.003866657 0.999985814 56.304969788
0.999989629 0.001954048 -0.004108432 -0.280037522 -0.001942338 0.999994040 0.002852341 -0.885920167 0.004113980 -0.002844331 0.999987483 57.718959808
0.999989152 0.000127978 -0.004647056 -0.287493706 -0.000112149 0.999994159 0.003406519 -0.909394145 0.004647464 -0.003405960 0.999983311 59.143833160
0.999992669 -0.000237721 -0.003806151 -0.302089989 0.000252481 0.999992430 0.003878059 -0.928835511 0.003805202 -0.003878992 0.999985158 60.549274445
0.999991953 -0.002016021 -0.003459946 -0.307847261 0.002033005 0.999985814 0.004912171 -0.948671699 0.003449995 -0.004919167 0.999981880 61.981998444
0.999993265 -0.002704211 -0.002479031 -0.332663685 0.002715105 0.999986649 0.004401929 -0.974514961 0.002467095 -0.004408631 0.999987245 63.365135193
0.999990165 -0.003934696 -0.002009442 -0.342503875 0.003941370 0.999986649 0.003328273 -0.988640785 0.001996320 -0.003336160 0.999992490 64.779289246
0.999989748 -0.004228596 -0.001607543 -0.345193118 0.004234105 0.999985099 0.003439087 -1.017414331 0.001592976 -0.003445858 0.999992788 66.179229736
0.999994516 -0.003241330 -0.000642319 -0.353680074 0.003243508 0.999988794 0.003418416 -1.033989072 0.000631232 -0.003420481 0.999993920 67.612144470
0.999999940 0.000090119 -0.000373054 -0.370049685 -0.000088496 0.999990523 0.004349142 -1.051305652 0.000373442 -0.004349110 0.999990463 68.970169067
0.999995172 0.003077756 0.000260102 -0.381587863 -0.003079187 0.999979079 0.005695161 -1.072467923 -0.000242568 -0.005695935 0.999983728 70.362190247
0.999973893 0.007135174 0.001066570 -0.393502176 -0.007141754 0.999954641 0.006298158 -1.091940761 -0.001021583 -0.006305612 0.999979615 71.756828308
0.999937534 0.011051907 0.001667093 -0.408871591 -0.011061669 0.999921083 0.005964288 -1.109617472 -0.001601045 -0.005982355 0.999980867 73.149116516
0.999893606 0.014377804 0.002451731 -0.429326922 -0.014390624 0.999882460 0.005294582 -1.128437400 -0.002375318 -0.005329301 0.999982953 74.527015686
0.999863744 0.016195515 0.003187356 -0.438428253 -0.016212083 0.999854743 0.005243469 -1.148141503 -0.003101973 -0.005294429 0.999981165 75.913299561
0.999866605 0.015997987 0.003273577 -0.440416962 -0.016015874 0.999856532 0.005513597 -1.161443591 -0.003184901 -0.005565291 0.999979436 77.322387695
0.999871433 0.015631452 0.003580798 -0.448008776 -0.015649460 0.999864757 0.005057299 -1.183495879 -0.003501261 -0.005112685 0.999980748 78.686218262
0.999894440 0.014112902 0.003456874 -0.454758972 -0.014127488 0.999891222 0.004232546 -1.202915788 -0.003396765 -0.004280936 0.999985039 80.074302673
0.999904037 0.013502117 0.003097766 -0.459661484 -0.013515578 0.999899089 0.004367366 -1.223350286 -0.003038484 -0.004408815 0.999985635 81.443214417
0.999905646 0.013442019 0.002818030 -0.461919308 -0.013454082 0.999900222 0.004306661 -1.240019560 -0.002759858 -0.004344169 0.999986768 82.819602966
0.999917626 0.012721157 0.001763227 -0.450620562 -0.012728017 0.999911249 0.003934430 -1.260719299 -0.001713020 -0.003956548 0.999990702 84.185104370
0.999914765 0.012984063 0.001333140 -0.469105154 -0.012989745 0.999906182 0.004345578 -1.277883291 -0.001276592 -0.004362524 0.999989629 85.538902283
0.999922693 0.012422143 0.000412613 -0.471488595 -0.012424152 0.999908864 0.005277887 -1.302470207 -0.000347013 -0.005282606 0.999985933 86.902404785
0.999945402 0.010433130 -0.000633052 -0.479642808 -0.010428944 0.999925852 0.006289652 -1.324838877 0.000698626 -0.006282707 0.999980032 88.305534363
0.999963343 0.008390094 -0.001658986 -0.495198905 -0.008378773 0.999942362 0.006716948 -1.340983629 0.001715246 -0.006702802 0.999976039 89.662796021
0.999978065 0.006095550 -0.002598892 -0.501342595 -0.006077685 0.999958217 0.006827177 -1.361602783 0.002640399 -0.006811232 0.999973238 91.031173706
0.999981463 0.005215933 -0.003160021 -0.507797360 -0.005196495 0.999967754 0.006128648 -1.377357721 0.003191885 -0.006112113 0.999976158 92.407623291
0.999986887 0.004100500 -0.003067181 -0.522100985 -0.004082457 0.999974489 0.005865784 -1.400150657 0.003091154 -0.005853186 0.999978065 93.734001160
0.999984980 0.004394602 -0.003294392 -0.534678578 -0.004377570 0.999977231 0.005159669 -1.413044095 0.003316991 -0.005145170 0.999981225 95.098922729
0.999986351 0.004092299 -0.003248158 -0.547708571 -0.004076360 0.999979675 0.004898489 -1.438414097 0.003268139 -0.004885179 0.999982715 96.467391968
0.999986112 0.004281999 -0.003089519 -0.563164115 -0.004267697 0.999980271 0.004620839 -1.462479472 0.003109244 -0.004607589 0.999984503 97.804908752
0.999979556 0.005781214 -0.002701912 -0.577899694 -0.005768627 0.999972582 0.004643218 -1.481048226 0.002728681 -0.004627538 0.999985576 99.120315552
0.999976039 0.006500830 -0.002357743 -0.594168365 -0.006486051 0.999959648 0.006222587 -1.500404596 0.002398100 -0.006207146 0.999977887 100.452888489
0.999967635 0.007688630 -0.002363783 -0.611235023 -0.007670876 0.999942958 0.007430530 -1.517480850 0.002420780 -0.007412157 0.999969542 101.789436340
0.999973297 0.006988135 -0.002135331 -0.621003985 -0.006974936 0.999956906 0.006127744 -1.532109499 0.002178060 -0.006112686 0.999978840 103.129722595
0.999971926 0.007230442 -0.001962600 -0.639128804 -0.007223321 0.999967396 0.003611915 -1.551127195 0.001988651 -0.003597637 0.999991536 104.431175232
0.999976993 0.006423498 -0.002172995 -0.645638466 -0.006418626 0.999976873 0.002242127 -1.564551473 0.002187347 -0.002228128 0.999995112 105.779205322
0.999990165 0.003919873 -0.002066464 -0.655437529 -0.003911927 0.999984920 0.003835690 -1.594947815 0.002081469 -0.003827568 0.999990523 107.093177795
0.999997377 0.001711855 -0.001474013 -0.664694726 -0.001703311 0.999981821 0.005779025 -1.610485077 0.001483879 -0.005776499 0.999982238 108.436492920
0.999999821 0.000360377 -0.000522868 -0.668083906 -0.000357042 0.999979675 0.006364743 -1.630273819 0.000525151 -0.006364555 0.999979615 109.745307922
0.999999821 -0.000523401 0.000188248 -0.671850264 0.000522438 0.999986947 0.005082111 -1.648041010 -0.000190906 -0.005082012 0.999987006 111.064033508
0.999998331 0.001513756 0.001010902 -0.689067841 -0.001516516 0.999995112 0.002734576 -1.666823983 -0.001006757 -0.002736105 0.999995708 112.389045715
0.999988914 0.003851487 0.002737253 -0.701136172 -0.003852376 0.999992549 0.000319456 -1.682123542 -0.002736002 -0.000329998 0.999996245 113.729515076
0.999966979 0.007212026 0.003728631 -0.709261239 -0.007213844 0.999973893 0.000474498 -1.705344200 -0.003725112 -0.000501380 0.999992907 115.029701233
0.999950707 0.008445981 0.005208746 -0.717042327 -0.008458151 0.999961555 0.002318978 -1.723485708 -0.005188960 -0.002362920 0.999983788 116.372772217
0.999945164 0.008222668 0.006482342 -0.721338034 -0.008253244 0.999954820 0.004704028 -1.748190165 -0.006443369 -0.004757269 0.999967933 117.696525574
0.999942362 0.007872305 0.007310856 -0.717750967 -0.007908934 0.999956191 0.004994601 -1.760371685 -0.007271217 -0.005052134 0.999960840 119.036972046
0.999934196 0.008107466 0.008115389 -0.714471221 -0.008144812 0.999956369 0.004579276 -1.775628328 -0.008077908 -0.004645073 0.999956608 120.385887146
0.999908626 0.009715679 0.009402924 -0.707633972 -0.009753257 0.999944687 0.003958823 -1.791116357 -0.009363940 -0.004050171 0.999947965 121.725067139
0.999871552 0.011945665 0.010681674 -0.713123918 -0.011984790 0.999921679 0.003606624 -1.807841420 -0.010637756 -0.003734178 0.999936402 123.057823181
0.999854028 0.012421612 0.011732524 -0.707145691 -0.012453306 0.999918938 0.002632219 -1.823988318 -0.011698877 -0.002777943 0.999927700 124.410469055
0.999821603 0.013933038 0.012746576 -0.701781869 -0.013958204 0.999900818 0.001887325 -1.849000454 -0.012719016 -0.002064908 0.999916911 125.737236023
0.999821186 0.012806755 0.013913348 -0.695098758 -0.012831304 0.999916255 0.001676418 -1.865176439 -0.013890714 -0.001854645 0.999901772 127.082809448
0.999821961 0.012243514 0.014358602 -0.677405834 -0.012286299 0.999920309 0.002895283 -1.887491465 -0.014322012 -0.003071181 0.999892712 128.432968140
0.999823034 0.010982358 0.015273344 -0.667362928 -0.011037332 0.999932885 0.003519680 -1.904137135 -0.015233666 -0.003687634 0.999877095 129.752868652
0.999818325 0.010622887 0.015827699 -0.661350727 -0.010684345 0.999935627 0.003803531 -1.919021726 -0.015786275 -0.003971948 0.999867499 131.143829346
0.999842405 0.008305919 0.015684772 -0.643434048 -0.008365895 0.999957919 0.003762060 -1.931459665 -0.015652865 -0.003892684 0.999869883 132.498779297
0.999858499 0.006838747 0.015370224 -0.628942490 -0.006906051 0.999966800 0.004330023 -1.949132323 -0.015340101 -0.004435557 0.999872506 133.878723145
0.999876201 0.005303169 0.014815047 -0.618215799 -0.005365934 0.999976814 0.004199942 -1.969089508 -0.014792431 -0.004278917 0.999881446 135.218902588
0.999900281 0.004089367 0.013516918 -0.605053067 -0.004142839 0.999983668 0.003930290 -1.982356310 -0.013500626 -0.003985897 0.999900877 136.563751221
0.999918699 0.002485804 0.012500757 -0.593838096 -0.002546108 0.999985158 0.004810451 -1.998263836 -0.012488615 -0.004841889 0.999910235 137.922042847
0.999930680 0.001354824 0.011696999 -0.590639591 -0.001413950 0.999986231 0.005047976 -2.019506931 -0.011690001 -0.005064165 0.999918818 139.254257202
0.999944150 0.001017681 0.010528719 -0.589757323 -0.001070214 0.999986887 0.004984965 -2.035939455 -0.010523509 -0.004995954 0.999932170 140.579772949
0.999956071 0.000575197 0.009369656 -0.577227712 -0.000618023 0.999989331 0.004568528 -2.056652546 -0.009366930 -0.004574118 0.999945641 141.932586670
0.999965966 0.000469243 0.008240570 -0.576271534 -0.000503526 0.999991179 0.004158715 -2.072509766 -0.008238547 -0.004162723 0.999957383 143.269744873
0.999971569 -0.001812280 0.007321918 -0.564767003 0.001799475 0.999996841 0.001755064 -2.093123913 -0.007325076 -0.001741838 0.999971569 144.608596802
0.999952614 -0.007258964 0.006490547 -0.559025764 0.007250658 0.999972820 0.001302239 -2.112575531 -0.006499825 -0.001255116 0.999978006 145.960067749
0.999876797 -0.014703210 0.005490600 -0.551474929 0.014683092 0.999885321 0.003686619 -2.135382414 -0.005544176 -0.003605545 0.999978125 147.296157837
0.999764860 -0.021310009 0.004001258 -0.542032719 0.021289464 0.999760211 0.005108840 -2.151037216 -0.004109168 -0.005022454 0.999978900 148.629302979
0.999679387 -0.025201848 0.002454569 -0.523443997 0.025197556 0.999680936 0.001763517 -2.169806242 -0.002498230 -0.001701102 0.999995470 149.980422974
0.999698699 -0.024322337 0.003304313 -0.544738233 0.024326688 0.999703228 -0.001281886 -2.194974661 -0.003272154 0.001361882 0.999993742 151.299041748
0.999769390 -0.021055721 0.004230867 -0.552766979 0.021068897 0.999773264 -0.003094099 -2.223535776 -0.004164759 0.003182524 0.999986351 152.619293213
0.999771476 -0.020769380 0.005062821 -0.554801106 0.020785956 0.999778688 -0.003244356 -2.248300791 -0.004994316 0.003348851 0.999981880 153.975799561
0.999706268 -0.023543499 0.005744525 -0.556857765 0.023544969 0.999722779 -0.000188786 -2.267297268 -0.005738487 0.000323985 0.999983430 155.318801880
0.999542415 -0.029627116 0.006101407 -0.544432878 0.029608741 0.999556839 0.003079506 -2.297768831 -0.006189940 -0.002897442 0.999976635 156.669799805
0.999414146 -0.033613298 0.006451833 -0.542945385 0.033583857 0.999425232 0.004618689 -2.317073345 -0.006603374 -0.004399305 0.999968529 157.997238159
0.999379039 -0.034753617 0.005804679 -0.523424506 0.034730393 0.999388516 0.004053879 -2.331695080 -0.005942018 -0.003849763 0.999974906 159.365280151
0.999436736 -0.032786284 0.007159690 -0.527443886 0.032753166 0.999452412 0.004694338 -2.347008705 -0.007309679 -0.004457191 0.999963284 160.706100464
0.999556899 -0.028727919 0.007788040 -0.515304446 0.028698744 0.999580741 0.003831967 -2.365817547 -0.007894859 -0.003606762 0.999962330 162.073333740
0.999627054 -0.025728265 0.009156927 -0.534529924 0.025711590 0.999667525 0.001933930 -2.388819695 -0.009203642 -0.001697770 0.999956191 163.385452271
0.999688447 -0.022932274 0.009860384 -0.526356816 0.022924433 0.999736726 0.000907632 -2.402581215 -0.009878603 -0.000681306 0.999950945 164.736450195
0.999735296 -0.020498199 0.010445050 -0.531625390 0.020474158 0.999787509 0.002403123 -2.427017212 -0.010492088 -0.002188633 0.999942482 166.082672119
0.999771595 -0.018801270 0.010154281 -0.519484162 0.018780092 0.999821305 0.002176739 -2.452403069 -0.010193393 -0.001985544 0.999946058 167.449737549
0.999816537 -0.016519509 0.009687696 -0.513398647 0.016525125 0.999863267 -0.000499480 -2.466286421 -0.009678120 0.000659479 0.999952972 168.808654785
0.999881327 -0.012427601 0.009096509 -0.509583116 0.012459522 0.999916375 -0.003460953 -2.486782074 -0.009052738 0.003573881 0.999952674 170.165191650
0.999933004 -0.007110949 0.009130827 -0.515079856 0.007153004 0.999963880 -0.004581582 -2.515432596 -0.009097918 0.004646589 0.999947846 171.515487671
0.999951959 -0.002570643 0.009456391 -0.516709566 0.002602504 0.999990940 -0.003358551 -2.542179108 -0.009447672 0.003383000 0.999949574 172.877227783
0.999948800 0.000584175 0.010101030 -0.522057056 -0.000567017 0.999998391 -0.001701378 -2.564981699 -0.010102006 0.001695563 0.999947488 174.231414795
0.999948204 0.001796869 0.010028061 -0.516652465 -0.001801494 0.999998271 0.000452171 -2.587741852 -0.010027233 -0.000470213 0.999949634 175.607635498
0.999956846 -0.001621105 0.009144966 -0.509311438 0.001606669 0.999997437 0.001585657 -2.610849619 -0.009147513 -0.001570896 0.999956965 176.985702515
0.999967098 -0.003547657 0.007288189 -0.495316863 0.003537162 0.999992669 0.001452335 -2.629632950 -0.007293289 -0.001426508 0.999972403 178.376358032
0.999978721 -0.003461292 0.005540496 -0.496231496 0.003478318 0.999989271 -0.003066243 -2.649533033 -0.005529824 0.003085449 0.999980032 179.773452759
0.999989033 -0.002811070 0.003740241 -0.488194346 0.002836081 0.999973536 -0.006698574 -2.684893608 -0.003721311 0.006709109 0.999970555 181.182357788
0.999992132 0.002292436 0.003244295 -0.503439307 -0.002268564 0.999970436 -0.007342858 -2.712715149 -0.003261032 0.007335439 0.999967754 182.582000732
0.999977827 0.005900081 0.003122035 -0.512834489 -0.005879610 0.999961436 -0.006526376 -2.741911411 -0.003160422 0.006507874 0.999973834 183.975143433
0.999960959 0.008028385 0.003691600 -0.529253960 -0.008017366 0.999963403 -0.002990106 -2.773499966 -0.003715470 0.002960393 0.999988735 185.355255127
0.999953270 0.008783415 0.004018963 -0.534340918 -0.008779625 0.999961019 -0.000958949 -2.797312260 -0.004027228 0.000923619 0.999991477 186.746963501
0.999959946 0.007952814 0.004107326 -0.534270287 -0.007952682 0.999968350 -0.000048907 -2.818682194 -0.004107585 0.000016240 0.999991536 188.166900635
0.999972701 0.006128071 0.004125825 -0.538278401 -0.006130528 0.999980986 0.000583040 -2.837661266 -0.004122173 -0.000608317 0.999991298 189.599563599
0.999986053 0.003385382 0.004057030 -0.526301801 -0.003390721 0.999993503 0.001309893 -2.873142719 -0.004052569 -0.001323631 0.999990880 191.062133789
0.999990463 0.000967952 0.004252851 -0.528312743 -0.000973181 0.999998808 0.001227729 -2.892264605 -0.004251658 -0.001231856 0.999990225 192.488845825
0.999984980 -0.002526725 0.004867583 -0.522830367 0.002514262 0.999993563 0.002564762 -2.918518305 -0.004874032 -0.002552485 0.999984860 193.935012817
0.999962628 -0.006903962 0.005213300 -0.521042824 0.006883846 0.999968827 0.003866899 -2.933533192 -0.005239835 -0.003830867 0.999978960 195.364944458
0.999934256 -0.009995176 0.005615623 -0.506967306 0.009971879 0.999941647 0.004161734 -2.959138155 -0.005656892 -0.004105462 0.999975562 196.808349609
0.999951363 -0.007731439 0.006111742 -0.510456681 0.007733226 0.999970078 -0.000268768 -2.977892399 -0.006109479 0.000316018 0.999981284 198.233947754
0.999980450 -0.000422831 0.006242239 -0.508927345 0.000457155 0.999984801 -0.005498321 -2.997589111 -0.006239819 0.005501067 0.999965429 199.683517456
0.999930084 0.008985990 0.007677253 -0.522379756 -0.008942650 0.999943972 -0.005660933 -3.025249481 -0.007727692 0.005591883 0.999954522 201.127319336
0.999818742 0.016939458 0.008682944 -0.536647558 -0.016921757 0.999854505 -0.002107800 -3.049644232 -0.008717385 0.001960487 0.999960124 202.557937622
0.999807775 0.017105184 0.009585196 -0.532759547 -0.017112395 0.999853313 0.000670499 -3.084949732 -0.009572323 -0.000834396 0.999953806 203.994552612
0.999843657 0.015090520 0.009223507 -0.526238441 -0.015099359 0.999885619 0.000889326 -3.101377964 -0.009209034 -0.001028456 0.999957085 205.440795898
0.999901175 0.011700026 0.007796322 -0.515158772 -0.011707000 0.999931097 0.000849787 -3.122867584 -0.007785842 -0.000940974 0.999969184 206.887268066
0.999923766 0.009954168 0.007305088 -0.518633842 -0.009958460 0.999950171 0.000551512 -3.145407438 -0.007299236 -0.000624217 0.999973178 208.338790894
0.999927104 0.010174658 0.006486672 -0.500522494 -0.010176045 0.999948204 0.000180825 -3.171671391 -0.006484496 -0.000246821 0.999978900 209.841262817
0.999916375 0.011335540 0.006212798 -0.514012814 -0.011337810 0.999935687 0.000330432 -3.201504707 -0.006208653 -0.000400844 0.999980628 211.256454468
0.999910057 0.011789648 0.006396551 -0.514620066 -0.011796837 0.999929845 0.001087120 -3.225241184 -0.006383286 -0.001162481 0.999979019 212.713272095
0.999913931 0.011734782 0.005886985 -0.518893719 -0.011739817 0.999930739 0.000821175 -3.250282049 -0.005876941 -0.000890217 0.999982297 214.172790527
0.999919653 0.011418902 0.005505539 -0.517590761 -0.011418624 0.999934733 -0.000082367 -3.278446913 -0.005506120 0.000019495 0.999984860 215.641265869
0.999933064 0.010396686 0.005061874 -0.519355059 -0.010393554 0.999945700 -0.000644310 -3.293571949 -0.005068297 0.000591656 0.999987006 217.100265503
0.999930680 0.010795158 0.004698751 -0.522777081 -0.010792045 0.999941528 -0.000687757 -3.318440914 -0.004705901 0.000637000 0.999988735 218.572372437
0.999927700 0.011089409 0.004633548 -0.530044794 -0.011085302 0.999938130 -0.000910965 -3.341242552 -0.004643363 0.000859535 0.999988854 220.053237915
0.999927819 0.011245321 0.004223779 -0.534773052 -0.011240000 0.999935985 -0.001281337 -3.364362717 -0.004237918 0.001233769 0.999990225 221.532714844
0.999920666 0.011983665 0.003880986 -0.539087534 -0.011979063 0.999927461 -0.001206399 -3.395876169 -0.003895161 0.001159812 0.999991715 222.997467041
0.999921978 0.011918521 0.003737253 -0.543518484 -0.011913226 0.999927998 -0.001435876 -3.419890165 -0.003754097 0.001391242 0.999991953 224.474563599
0.999922216 0.011986416 0.003436383 -0.549835265 -0.011982354 0.999927461 -0.001199633 -3.448550224 -0.003450513 0.001158363 0.999993324 225.954559326
0.999934375 0.010902322 0.003529105 -0.557504237 -0.010897521 0.999939620 -0.001376675 -3.472102642 -0.003543900 0.001338126 0.999992788 227.451309204
0.999946177 0.009762662 0.003491745 -0.561202347 -0.009758267 0.999951601 -0.001274192 -3.503664732 -0.003504015 0.001240050 0.999993086 228.937500000
0.999954700 0.008669169 0.003924627 -0.570243597 -0.008665744 0.999962091 -0.000889036 -3.532002926 -0.003932185 0.000854986 0.999991894 230.430313110
0.999965489 0.007193865 0.004136956 -0.572999597 -0.007192690 0.999974072 -0.000299077 -3.552888393 -0.004139000 0.000269311 0.999991417 231.934219360
0.999966621 0.007139232 0.003965464 -0.573518217 -0.007138982 0.999974489 -0.000077629 -3.577244520 -0.003965917 0.000049317 0.999992192 233.436401367
0.999965310 0.007331020 0.003939589 -0.579577923 -0.007330400 0.999973238 -0.000171546 -3.612343788 -0.003940741 0.000142662 0.999992251 234.941818237
0.999960005 0.007900327 0.004218274 -0.581731141 -0.007897519 0.999968588 -0.000681782 -3.638785601 -0.004223529 0.000648441 0.999990880 236.449340820
0.999946773 0.009190791 0.004679675 -0.586225867 -0.009191665 0.999957740 0.000164706 -3.666056871 -0.004677963 -0.000207712 0.999989092 237.949615479
0.999932408 0.010100865 0.005748460 -0.600053906 -0.010111071 0.999947369 0.001749036 -3.683373928 -0.005730490 -0.001807041 0.999981940 239.468276978
0.999935448 0.009538397 0.006172495 -0.596886158 -0.009550801 0.999952435 0.001983196 -3.702154636 -0.006153285 -0.002042020 0.999978960 240.983139038
0.999924600 0.010118286 0.006960055 -0.599139333 -0.010123729 0.999948502 0.000747213 -3.729280233 -0.006952136 -0.000817618 0.999975502 242.471878052
0.999917865 0.010356705 0.007559297 -0.592288733 -0.010350826 0.999946177 -0.000816454 -3.749087811 -0.007567345 0.000738142 0.999971151 243.989807129
0.999914765 0.010448147 0.007821444 -0.594141126 -0.010448614 0.999945343 0.000018879 -3.777666569 -0.007820821 -0.000100600 0.999969423 245.513504028
0.999923646 0.010002675 0.007253007 -0.580900311 -0.010012249 0.999949038 0.001284950 -3.806142330 -0.007239783 -0.001357471 0.999972820 247.055160522
0.999915302 0.010683226 0.007444465 -0.587730646 -0.010694274 0.999941647 0.001445730 -3.826972961 -0.007428586 -0.001525221 0.999971211 248.577011108
0.999920547 0.010519389 0.006937283 -0.580970645 -0.010532578 0.999942720 0.001867275 -3.860664129 -0.006917243 -0.001940194 0.999974132 250.130447388
0.999902189 0.011804827 0.007502167 -0.582664967 -0.011820807 0.999927938 0.002089469 -3.881530046 -0.007476961 -0.002177947 0.999969602 251.668899536
0.999872506 0.013994066 0.007683610 -0.585797548 -0.014009072 0.999899983 0.001902503 -3.908861637 -0.007656218 -0.002009901 0.999968588 253.212554932
0.999862313 0.014421340 0.008207319 -0.587504625 -0.014440616 0.999893069 0.002294140 -3.928826332 -0.008173357 -0.002412343 0.999963641 254.758285522
0.999884129 0.012906815 0.008086885 -0.591247320 -0.012926382 0.999913633 0.002371818 -3.954121590 -0.008055575 -0.002476076 0.999964476 256.300231934
0.999903798 0.011366719 0.007945735 -0.580629349 -0.011391245 0.999930501 0.003048058 -3.973912001 -0.007910537 -0.003138277 0.999963760 257.823822021
0.999929011 0.009053700 0.007748264 -0.572062731 -0.009079793 0.999953210 0.003339092 -3.987169743 -0.007717671 -0.003409207 0.999964356 259.345855713
0.999937534 0.007450869 0.008329212 -0.584719658 -0.007476051 0.999967575 0.002996401 -4.014210224 -0.008306615 -0.003058485 0.999960840 260.890747070
0.999949276 0.006218016 0.007926921 -0.578402519 -0.006233307 0.999978781 0.001905677 -4.032877922 -0.007914902 -0.001954991 0.999966800 262.442718506
0.999954700 0.004554708 0.008353410 -0.567942381 -0.004586121 0.999982476 0.003745343 -4.059044838 -0.008336206 -0.003783484 0.999958098 263.996795654
0.999959290 0.002445106 0.008685591 -0.558141232 -0.002492607 0.999981940 0.005462319 -4.076573372 -0.008672077 -0.005483747 0.999947429 265.546997070
0.999961734 0.001915785 0.008538487 -0.547966957 -0.001952665 0.999988794 0.004313100 -4.091235161 -0.008530130 -0.004329608 0.999954164 267.126861572
0.999959290 0.001696493 0.008872488 -0.535144567 -0.001723719 0.999993861 0.003061925 -4.105311871 -0.008867239 -0.003077093 0.999955893 268.676971436
0.999955237 0.002051587 0.009250465 -0.522427797 -0.002079494 0.999993324 0.003008221 -4.132287025 -0.009244234 -0.003027322 0.999952614 270.233184814
0.999940336 0.003910989 0.010203977 -0.519860029 -0.003941938 0.999987662 0.003014706 -4.154788017 -0.010192061 -0.003054749 0.999943376 271.761291504
0.999924242 0.005779760 0.010869497 -0.511408091 -0.005807456 0.999979913 0.002518157 -4.175623417 -0.010854727 -0.002581090 0.999937773 273.312164307
0.999906719 0.006783178 0.011859852 -0.501949549 -0.006813228 0.999973655 0.002495120 -4.201673508 -0.011842616 -0.002575691 0.999926567 274.864105225
0.999888897 0.007932595 0.012621331 -0.485280275 -0.007956925 0.999966562 0.001878786 -4.222572803 -0.012606005 -0.001979005 0.999918580 276.392700195
0.999877036 0.008458821 0.013204424 -0.477067232 -0.008475057 0.999963403 0.001174140 -4.249058723 -0.013194008 -0.001285904 0.999912143 277.935943604
0.999878645 0.007178478 0.013828278 -0.453012228 -0.007189077 0.999973834 0.000716957 -4.269985676 -0.013822768 -0.000816283 0.999904156 279.496459961
0.999866903 0.006669332 0.014890824 -0.441709995 -0.006686266 0.999976993 0.001087743 -4.295898438 -0.014883229 -0.001187162 0.999888480 281.065032959
0.999864519 0.005984123 0.015331116 -0.422295570 -0.006014414 0.999980032 0.001930462 -4.316246986 -0.015319257 -0.002022408 0.999880552 282.631256104
0.999868870 0.004890063 0.015441420 -0.400951862 -0.004921408 0.999985874 0.001992567 -4.340844154 -0.015431460 -0.002068299 0.999878764 284.182830811
0.999872863 0.004596340 0.015265026 -0.379092216 -0.004591757 0.999989390 -0.000335273 -4.366293430 -0.015266406 0.000265137 0.999883413 285.770812988
0.999878168 0.003181269 0.015273903 -0.362222195 -0.003146674 0.999992371 -0.002288398 -4.395733833 -0.015281065 0.002240058 0.999880731 287.330169678
0.999894500 0.003041932 0.014205112 -0.339573383 -0.003007040 0.999992430 -0.002476947 -4.419147491 -0.014212540 0.002433970 0.999895990 288.909973145
0.999910235 0.001544489 0.013310125 -0.325331688 -0.001511527 0.999995768 -0.002486167 -4.443025589 -0.013313909 0.002465825 0.999908328 290.462615967
0.999922454 0.001379975 0.012378110 -0.324908972 -0.001340660 0.999994040 -0.003183903 -4.467707157 -0.012382429 0.003167061 0.999918282 291.999542236
0.999930382 0.001896984 0.011647145 -0.302534580 -0.001856221 0.999992132 -0.003509555 -4.505670071 -0.011653710 0.003487690 0.999926031 293.549926758
0.999941230 0.001746959 0.010702339 -0.286236048 -0.001717891 0.999994814 -0.002724560 -4.540943623 -0.010707043 0.002706014 0.999939024 295.115844727
0.999954402 0.000955767 0.009499853 -0.273440123 -0.000931044 0.999996185 -0.002606507 -4.571197987 -0.009502307 0.002597544 0.999951482 296.679565430
0.999964714 0.000405953 0.008407117 -0.266237974 -0.000396852 0.999999344 -0.001084103 -4.601536751 -0.008407550 0.001080729 0.999964058 298.248382568
0.999970913 0.001584513 0.007455785 -0.257799149 -0.001584756 0.999998748 0.000026685 -4.622925282 -0.007455733 -0.000038499 0.999972224 299.834289551
0.999964237 0.001801463 0.008255743 -0.253519773 -0.001801862 0.999998391 0.000040868 -4.645673275 -0.008255656 -0.000055742 0.999965847 301.428009033
0.999958277 0.002112993 0.008884528 -0.242845535 -0.002113010 0.999997795 -0.000007503 -4.672652721 -0.008884524 -0.000011270 0.999960542 303.027282715
0.999956429 0.000626132 0.009311749 -0.238445044 -0.000623017 0.999999762 -0.000337339 -4.694429398 -0.009311958 0.000331523 0.999956608 304.603973389
0.999956548 -0.001049208 0.009264778 -0.222970963 0.001059975 0.999998748 -0.001157348 -4.724482059 -0.009263553 0.001167118 0.999956429 306.192718506
0.999949992 -0.002662283 0.009637352 -0.208090782 0.002693377 0.999991179 -0.003214815 -4.749932289 -0.009628708 0.003240612 0.999948382 307.794158936
0.999951959 -0.003081926 0.009297078 -0.197603703 0.003120808 0.999986351 -0.004170631 -4.780713081 -0.009284095 0.004199444 0.999948084 309.390106201
0.999973059 -0.002288135 0.006969980 -0.194418430 0.002326247 0.999982357 -0.005464765 -4.807510376 -0.006957354 0.005480832 0.999960721 311.004821777
0.999986708 -0.001606318 0.004927537 -0.192654014 0.001629149 0.999987900 -0.004632825 -4.841068745 -0.004920036 0.004640790 0.999977052 312.612365723
0.999989510 -0.000694415 0.004526834 -0.194693565 0.000701165 0.999998629 -0.001489501 -4.869112492 -0.004525794 0.001492659 0.999988556 314.240020752
0.999985278 -0.002801580 0.004650677 -0.186035752 0.002792881 0.999994278 0.001876025 -4.906381130 -0.004655906 -0.001863008 0.999987423 315.850067139
0.999983907 -0.003743790 0.004256508 -0.182772398 0.003730933 0.999988496 0.003024358 -4.931822300 -0.004267782 -0.003008428 0.999986351 317.467590332
0.999976873 -0.004801977 0.004810172 -0.181860447 0.004794064 0.999987125 0.001655442 -4.955058098 -0.004818061 -0.001632344 0.999987066 319.091186523
0.999967337 -0.006433791 0.004898551 -0.182437420 0.006424458 0.999977529 0.001918423 -4.978640556 -0.004910784 -0.001886889 0.999986172 320.700653076
0.999965191 -0.006233113 0.005542156 -0.195957303 0.006221772 0.999978483 0.002061162 -5.000586987 -0.005554886 -0.002026608 0.999982536 322.310363770
0.999961674 -0.006361146 0.006018959 -0.193549275 0.006348144 0.999977469 0.002176807 -5.028040409 -0.006032671 -0.002138514 0.999979436 323.929656982
0.999969423 -0.005015881 0.006008290 -0.188652515 0.005009722 0.999986947 0.001039783 -5.049912453 -0.006013426 -0.001009651 0.999981403 325.548797607
0.999966085 -0.004072627 0.007162272 -0.194532394 0.004067549 0.999991477 0.000723442 -5.085141659 -0.007165157 -0.000694284 0.999974072 327.163269043
0.999957621 -0.005498731 0.007397086 -0.183543682 0.005479478 0.999981642 0.002620462 -5.109388351 -0.007411357 -0.002579819 0.999969184 328.803131104
0.999947011 -0.006546134 0.007945086 -0.185318947 0.006516378 0.999971807 0.003765360 -5.139344215 -0.007969509 -0.003713388 0.999961376 330.373443604
0.999940515 -0.007526948 0.007896822 -0.176226377 0.007508178 0.999969065 0.002403603 -5.161049843 -0.007914666 -0.002344169 0.999965906 332.008514404
0.999948800 -0.006748382 0.007543140 -0.160981178 0.006730811 0.999974608 0.002352128 -5.185093880 -0.007558821 -0.002301236 0.999968767 333.646118164
0.999960721 -0.004479286 0.007640196 -0.175291300 0.004476599 0.999989927 0.000368643 -5.214292526 -0.007641769 -0.000334426 0.999970675 335.237884521
0.999971449 -0.002731469 0.007042020 -0.173798561 0.002750237 0.999992669 -0.002656818 -5.239129543 -0.007034711 0.002676110 0.999971688 336.859039307
0.999979019 -0.001432640 0.006309210 -0.174247742 0.001445638 0.999996901 -0.002056076 -5.272568703 -0.006306244 0.002065154 0.999977946 338.473754883
0.999986351 -0.000561793 0.005183451 -0.173423886 0.000554217 0.999998689 0.001462911 -5.302920341 -0.005184267 -0.001460019 0.999985516 340.071075439
0.999992132 0.000142083 0.003952849 -0.176060796 -0.000159650 0.999990046 0.004444336 -5.329292297 -0.003952179 -0.004444933 0.999982357 341.671508789
0.999994993 0.000979465 0.003016497 -0.176698565 -0.000989243 0.999994278 0.003241790 -5.354102135 -0.003013304 -0.003244758 0.999990225 343.292694092
0.999999166 0.000615133 0.001215167 -0.183537126 -0.000616827 0.999998808 0.001394987 -5.373882294 -0.001214307 -0.001395736 0.999998271 344.878234863
0.999999464 -0.000753044 -0.000720626 -0.184911817 0.000755063 0.999995887 0.002805448 -5.398853302 0.000718510 -0.002805991 0.999995828 346.470001221
0.999996781 -0.001889113 -0.001714784 -0.192029268 0.001894659 0.999993026 0.003238749 -5.424181938 0.001708654 -0.003241987 0.999993384 348.064514160
0.999996006 -0.002060907 -0.001928077 -0.208843708 0.002065631 0.999994814 0.002451394 -5.443703651 0.001923016 -0.002455367 0.999995112 349.666259766
0.999992192 -0.003217570 -0.002288528 -0.216868281 0.003220567 0.999993980 0.001306863 -5.465178967 0.002284310 -0.001314223 0.999996543 351.266693115
0.999992192 -0.003210981 -0.002291735 -0.227591753 0.003213666 0.999994278 0.001169059 -5.489854813 0.002287968 -0.001176415 0.999996662 352.860534668
0.999990463 -0.003714393 -0.002294339 -0.240379095 0.003716685 0.999992549 0.000995578 -5.515263557 0.002290623 -0.001004096 0.999996901 354.450469971
0.999987185 -0.004216101 -0.002805951 -0.244801223 0.004216520 0.999991119 0.000143352 -5.538331985 0.002805321 -0.000155181 0.999996066 356.047882080
0.999987125 -0.004437284 -0.002460651 -0.259362400 0.004436619 0.999990106 -0.000275452 -5.568759918 0.002461848 0.000264532 0.999996901 357.672424316
0.999985039 -0.004895865 -0.002426302 -0.268263638 0.004895895 0.999987960 0.000006869 -5.597230434 0.002426238 -0.000018748 0.999997079 359.260986328
0.999983907 -0.004907958 -0.002827497 -0.272512734 0.004905699 0.999987662 -0.000805081 -5.624322891 0.002831413 0.000791197 0.999995649 360.859313965
0.999974668 -0.006548740 -0.002829583 -0.281587541 0.006542604 0.999976218 -0.002171818 -5.653470993 0.002843739 0.002153250 0.999993622 362.449920654
0.999964058 -0.007978744 -0.002868392 -0.293786228 0.007978101 0.999968171 -0.000236210 -5.682831764 0.002870185 0.000213317 0.999995887 364.062744141
0.999942958 -0.010139846 -0.003356911 -0.287772357 0.010142067 0.999948382 0.000644815 -5.712716579 0.003350199 -0.000678824 0.999994218 365.663238525
0.999949634 -0.009710874 -0.002536933 -0.315189600 0.009709449 0.999952674 -0.000573067 -5.734420776 0.002542378 0.000548406 0.999996603 367.265747070
0.999964297 -0.008273218 -0.001744307 -0.337481171 0.008270196 0.999964297 -0.001732708 -5.749118805 0.001758580 0.001718221 0.999996960 368.881530762
0.999969006 -0.007604215 -0.002095769 -0.339085966 0.007603557 0.999971032 -0.000322127 -5.793124199 0.002098158 0.000306182 0.999997735 370.484008789
0.999981940 -0.005721388 -0.001877293 -0.351218909 0.005721544 0.999983668 0.000077193 -5.810343742 0.001876820 -0.000087933 0.999998212 372.088348389
0.999977469 -0.006418613 -0.002018417 -0.352604657 0.006418683 0.999979496 0.000028309 -5.842363358 0.002018193 -0.000041264 0.999997973 373.692901611
0.999980927 -0.005911309 -0.001767078 -0.375661433 0.005908930 0.999981701 -0.001348465 -5.858632088 0.001775016 0.001337997 0.999997556 375.284973145
0.999981225 -0.005935770 -0.001502978 -0.387448192 0.005934570 0.999981999 -0.000801499 -5.901273727 0.001507709 0.000792564 0.999998569 376.876739502
0.999980509 -0.006012273 -0.001655846 -0.382334709 0.006011321 0.999981761 -0.000579357 -5.933605671 0.001659299 0.000569392 0.999998450 378.507598877
0.999991536 -0.003968454 -0.001039825 -0.412659973 0.003967433 0.999991596 -0.000982419 -5.952972412 0.001043715 0.000978285 0.999998987 380.142883301
0.999996543 -0.002597437 -0.000491959 -0.422206372 0.002597331 0.999996603 -0.000216490 -5.981651306 0.000492520 0.000215212 0.999999881 381.750152588
0.999999464 -0.001006796 -0.000107982 -0.446315110 0.001006655 0.999998629 -0.001299406 -6.004989147 0.000109290 0.001299296 0.999999166 383.387451172
