1.000000000 0.000000000 0.000000000 0.000000000 0.000000000 1.000000000 0.000000000 0.000000000 0.000000000 0.000000000 1.000000000 0.000000000
1.000000000 -0.000049835 0.000129850 -0.014773078 0.000049648 0.999998987 0.001435255 -0.012486679 -0.000129921 -0.001435248 0.999998987 1.315689683
0.999998629 -0.001539212 -0.000577001 -0.011546694 0.001540173 0.999997377 0.001669579 -0.037757799 0.000574429 -0.001670465 0.999998391 2.614419937
0.999995828 -0.002820183 -0.000608710 -0.016001878 0.002820568 0.999995828 0.000631945 -0.053774677 0.000606925 -0.000633659 0.999999642 3.925657511
0.999995291 -0.003028768 -0.000524602 -0.026441973 0.003029153 0.999995112 0.000735882 -0.071114384 0.000522371 -0.000737468 0.999999642 5.248050213
0.999993205 -0.003641210 -0.000594495 -0.025863908 0.003642177 0.999991953 0.001633089 -0.097636133 0.000588544 -0.001635243 0.999998450 6.567535877
0.999986768 -0.005141628 -0.000231667 -0.033937521 0.005142218 0.999983311 0.002621302 -0.111300938 0.000218185 -0.002622459 0.999996543 7.890198231
0.999989152 -0.004641588 -0.000258249 -0.041427094 0.004642440 0.999983549 0.003399691 -0.136047423 0.000242465 -0.003400854 0.999994159 9.230734825
0.999993801 -0.003512340 -0.000474478 -0.051831979 0.003513043 0.999992669 0.001488799 -0.152573988 0.000469245 -0.001490457 0.999998748 10.576696396
0.999998629 -0.001422332 -0.000900729 -0.049767904 0.001421948 0.999998927 -0.000426682 -0.175042078 0.000901335 0.000425399 0.999999404 11.937000275
0.999997258 0.002315810 -0.000389398 -0.076552846 -0.002316313 0.999996483 -0.001295984 -0.204931110 0.000386395 0.001296882 0.999999106 13.243301392
0.999989212 0.004617076 -0.000571825 -0.087093867 -0.004617923 0.999988258 -0.001489585 -0.227239311 0.000564940 0.001492210 0.999998808 14.582071304
0.999983549 0.005739007 -0.000019743 -0.102474570 -0.005739015 0.999983430 -0.000436490 -0.250316024 0.000017238 0.000436596 0.999999881 15.935624123
0.999994695 0.003262888 0.000148824 -0.104960196 -0.003263237 0.999991775 0.002400269 -0.269781113 -0.000140991 -0.002400743 0.999997139 17.288917542
0.999999523 -0.001008740 0.000172164 -0.098894089 0.001007972 0.999989808 0.004398814 -0.294661045 -0.000176599 -0.004398638 0.999990284 18.660295486
0.999994159 -0.003410760 -0.000094534 -0.096966431 0.003410931 0.999992430 0.001874468 -0.306233108 0.000088140 -0.001874780 0.999998212 19.997673035
0.999991238 -0.004175951 0.000266816 -0.113205828 0.004175932 0.999991298 0.000074702 -0.324430555 -0.000267125 -0.000073588 0.999999881 21.340995789
0.999997854 -0.001727688 0.001126922 -0.127711788 0.001729519 0.999997139 -0.001626409 -0.347053975 -0.001124108 0.001628354 0.999997973 22.695066452
0.999998271 0.001074551 0.001536483 -0.124718413 -0.001075171 0.999999285 0.000402473 -0.373362839 -0.001536049 -0.000404125 0.999998748 24.072633743
0.999995887 0.001774281 0.002277904 -0.131273896 -0.001782742 0.999991477 0.003717663 -0.388284385 -0.002271289 -0.003721709 0.999990523 25.447042465
0.999995470 -0.000551251 0.002979594 -0.137911379 0.000533478 0.999982059 0.005962299 -0.405192137 -0.002982827 -0.005960682 0.999977827 26.820201874
0.999982059 -0.005719497 0.001796557 -0.119806148 0.005712068 0.999975204 0.004113870 -0.426078141 -0.001820042 -0.004103533 0.999989927 28.213706970
0.999983430 -0.005434737 0.001947921 -0.123922132 0.005431416 0.999983728 0.001706154 -0.437071919 -0.001957162 -0.001695545 0.999996722 29.590131760
0.999978185 -0.005966653 0.002841845 -0.134431779 0.005968786 0.999981880 -0.000742832 -0.461495876 -0.002837362 0.000759778 0.999995708 30.952955246
0.999990821 -0.002549639 0.003444412 -0.146856666 0.002553523 0.999996066 -0.001123842 -0.487374276 -0.003441534 0.001132627 0.999993503 32.332218170
0.999990821 -0.001996457 0.003782940 -0.142974675 0.002009863 0.999991715 -0.003543412 -0.511378825 -0.003775834 0.003550985 0.999986589 33.699851990
0.999992073 -0.001302306 0.003744808 -0.138230145 0.001313257 0.999994874 -0.002923553 -0.534551024 -0.003740981 0.002928449 0.999988735 35.096092224
0.999993086 -0.000642190 0.003640420 -0.143640190 0.000649068 0.999997973 -0.001888668 -0.558816433 -0.003639200 0.001891018 0.999991596 36.486427307
0.999994576 0.000653671 0.003235027 -0.149244726 -0.000653358 0.999999762 -0.000097597 -0.583948791 -0.003235090 0.000095483 0.999994814 37.884696960
0.999988854 0.003403147 0.003281308 -0.152719736 -0.003404095 0.999994159 0.000283264 -0.612317801 -0.003280326 -0.000294431 0.999994576 39.284332275
0.999973893 0.006119990 0.003862901 -0.167484999 -0.006119577 0.999981284 -0.000118689 -0.633414328 -0.003863555 0.000095046 0.999992609 40.671810150
0.999963224 0.007768907 0.003634903 -0.164808527 -0.007769565 0.999969780 0.000166807 -0.652678728 -0.003633498 -0.000195042 0.999993384 42.090183258
0.999959171 0.008481885 0.003102888 -0.166177109 -0.008482421 0.999963999 0.000159801 -0.674202144 -0.003101421 -0.000186115 0.999995112 43.490310669
0.999965787 0.007747328 0.002906998 -0.173129171 -0.007747691 0.999969900 0.000113475 -0.700349867 -0.002906032 -0.000135994 0.999995708 44.906063080
0.999974668 0.006794859 0.002138193 -0.171906620 -0.006794140 0.999976814 -0.000343517 -0.720778346 -0.002140478 0.000328981 0.999997616 46.299552917
0.999980986 0.006053797 0.001187279 -0.176071867 -0.006053911 0.999981642 0.000092617 -0.747833490 -0.001186697 -0.000099803 0.999999285 47.716999054
0.999979556 0.006405073 -0.000011043 -0.178262115 -0.006405057 0.999978960 0.001057134 -0.766265869 0.000017814 -0.001057042 0.999999404 49.144844055
0.999975979 0.006852879 -0.001026124 -0.188613907 -0.006851969 0.999976099 0.000887623 -0.790305316 0.001032182 -0.000880570 0.999999106 50.555824280
0.999971867 0.007130034 -0.002280908 -0.200485468 -0.007126644 0.999973536 0.001491069 -0.810984075 0.002291479 -0.001474772 0.999996305 51.972496033
0.999969184 0.007084918 -0.003356792 -0.212405443 -0.007077452 0.999972463 0.002230765 -0.831749558 0.003372504 -0.002206939 0.999991834 53.392551422
0.999978065 0.005436848 -0.003769107 -0.226548716 -0.005424186 0.999979615 0.003361582 -0.853625894 0.003787307 -0.003341064 0.999987245 54.830005646
0.999982774 0.003618125 -0.004630255 -0.233839899 -0.003601728 0.999987245 0.003544788 -0.875500441 0.004643022 -0.003528050 0.999983013 56.254215240
0.999986887 0.001384895 -0.004928979 -0.249465898 -0.001371841 0.999995530 0.002650809 -0.893396795 0.004932628 -0.002644012 0.999984264 57.663539886
0.999986529 0.000217947 -0.005182358 -0.261406392 -0.000200899 0.999994636 0.003289826 -0.916008770 0.005183047 -0.003288741 0.999981105 59.086288452
0.999988556 -0.000997355 -0.004675221 -0.271315008 0.001014575 0.999992669 0.003682345 -0.935138166 0.004671514 -0.003687047 0.999982297 60.495590210
0.999988556 -0.002500464 -0.004093108 -0.280718625 0.002519480 0.999985993 0.004647408 -0.954915702 0.004081429 -0.004657668 0.999980867 61.928878784
0.999988556 -0.003436680 -0.003302622 -0.300224632 0.003450686 0.999985039 0.004244527 -0.982826531 0.003287986 -0.004255875 0.999985516 63.322105408
0.999984801 -0.004772847 -0.002755967 -0.312137067 0.004782002 0.999983132 0.003325009 -1.000042319 0.002740051 -0.003338138 0.999990642 64.733398438
0.999983251 -0.005279536 -0.002429548 -0.315025151 0.005287649 0.999980450 0.003344669 -1.028421521 0.002411842 -0.003357459 0.999991477 66.148246765
0.999989092 -0.004366923 -0.001702494 -0.321969211 0.004372525 0.999985039 0.003300325 -1.047458172 0.001688055 -0.003307732 0.999993145 67.567115784
0.999999344 -0.000601322 -0.001004062 -0.344372213 0.000605463 0.999991298 0.004128550 -1.062006712 0.001001570 -0.004129155 0.999991000 68.953132629
0.999996781 0.002544336 -0.000144887 -0.360222310 -0.002543476 0.999980807 0.005655668 -1.085103393 0.000159274 -0.005655281 0.999984026 70.349014282
0.999977231 0.006707404 0.000756787 -0.373982668 -0.006711981 0.999958098 0.006218337 -1.107557893 -0.000715046 -0.006223275 0.999980390 71.743751526
0.999938965 0.010930920 0.001641721 -0.392648011 -0.010940151 0.999923766 0.005724032 -1.123164535 -0.001579027 -0.005741643 0.999982238 73.137512207
0.999895275 0.014314043 0.002138556 -0.405956209 -0.014325054 0.999883652 0.005226708 -1.148564100 -0.002063492 -0.005256795 0.999984026 74.539031982
0.999866486 0.016069554 0.002943967 -0.416150868 -0.016085057 0.999856472 0.005319303 -1.170021296 -0.002858065 -0.005365948 0.999981523 75.921714783
0.999867380 0.015956160 0.003242058 -0.422720104 -0.015974194 0.999856651 0.005614460 -1.184889078 -0.003152008 -0.005665505 0.999978960 77.326728821
0.999875128 0.015368989 0.003653932 -0.432961702 -0.015388021 0.999867857 0.005238549 -1.206311703 -0.003572938 -0.005294123 0.999979556 78.705505371
0.999894261 0.014097179 0.003555090 -0.440282702 -0.014112178 0.999891460 0.004230185 -1.223574162 -0.003495070 -0.004279908 0.999984741 80.092285156
0.999906242 0.013340048 0.003082322 -0.440187305 -0.013353392 0.999901354 0.004349447 -1.243680239 -0.003023996 -0.004390199 0.999985754 81.473922729
0.999910593 0.013059882 0.002869782 -0.443529040 -0.013072558 0.999904811 0.004444022 -1.261209011 -0.002811470 -0.004481140 0.999985993 82.846611023
0.999918699 0.012579690 0.002072858 -0.439443827 -0.012587852 0.999912858 0.003971762 -1.280788660 -0.002022714 -0.003997532 0.999989986 84.218231201
0.999916613 0.012826661 0.001508575 -0.456497192 -0.012833017 0.999908507 0.004283251 -1.295037389 -0.001453497 -0.004302253 0.999989688 85.578063965
0.999922812 0.012409348 0.000592531 -0.458428085 -0.012412240 0.999909639 0.005159806 -1.318272591 -0.000528448 -0.005166763 0.999986470 86.934501648
0.999948800 0.010113565 -0.000335618 -0.473537028 -0.010111327 0.999930263 0.006106650 -1.333630681 0.000397354 -0.006102945 0.999981284 88.357185364
0.999964595 0.008231794 -0.001719914 -0.473935604 -0.008220063 0.999943614 0.006719580 -1.363419294 0.001775132 -0.006705206 0.999975920 89.692573547
0.999980867 0.005605984 -0.002621984 -0.479907274 -0.005587544 0.999960005 0.006987419 -1.382794023 0.002661050 -0.006972633 0.999972165 91.066589355
0.999984503 0.004724310 -0.002975572 -0.493348598 -0.004705472 0.999969065 0.006306315 -1.397115469 0.003005273 -0.006292215 0.999975622 92.435897827
0.999988198 0.003606081 -0.003249495 -0.499094784 -0.003586383 0.999975264 0.006047545 -1.421237469 0.003271223 -0.006035820 0.999976456 93.776672363
0.999986768 0.003634427 -0.003611290 -0.507933915 -0.003615353 0.999979556 0.005274151 -1.436041713 0.003630384 -0.005261024 0.999979675 95.150604248
0.999987662 0.003704194 -0.003294353 -0.525073528 -0.003688246 0.999981523 0.004833695 -1.457183003 0.003312197 -0.004821485 0.999982834 96.525459290
0.999986768 0.003970384 -0.003250675 -0.538813114 -0.003955764 0.999982059 0.004491549 -1.479573011 0.003268450 -0.004478632 0.999984562 97.864776611
0.999979973 0.005696137 -0.002757994 -0.554158568 -0.005683284 0.999972999 0.004646120 -1.500732183 0.002784385 -0.004630352 0.999985337 99.181785583
0.999977648 0.006277922 -0.002289806 -0.570752680 -0.006263982 0.999962091 0.006045340 -1.517448783 0.002327672 -0.006030861 0.999979079 100.518615723
0.999972343 0.007056109 -0.002356757 -0.583113253 -0.007038413 0.999947548 0.007433691 -1.538001776 0.002409087 -0.007416897 0.999969602 101.858619690
0.999975681 0.006647191 -0.002130829 -0.595004141 -0.006634097 0.999959469 0.006095012 -1.551301241 0.002171257 -0.006080727 0.999979198 103.194961548
0.999976099 0.006584907 -0.002097865 -0.605851114 -0.006577204 0.999971628 0.003658304 -1.573039532 0.002121895 -0.003644418 0.999991119 104.505249023
0.999979913 0.005937535 -0.002223352 -0.613116622 -0.005932239 0.999979556 0.002381005 -1.587779760 0.002237444 -0.002367768 0.999994755 105.855613708
0.999992073 0.003348023 -0.002146064 -0.625628829 -0.003339643 0.999986827 0.003896669 -1.615052462 0.002159082 -0.003889471 0.999990106 107.169250488
0.999998331 0.001093454 -0.001481723 -0.634785891 -0.001085410 0.999984682 0.005419320 -1.626460195 0.001487626 -0.005417703 0.999984145 108.511497498
0.999999583 0.000002642 -0.000811698 -0.634282053 0.000002319 0.999981344 0.006111725 -1.643874168 0.000811699 -0.006111725 0.999980986 109.850669861
0.999999344 -0.001063568 -0.000148372 -0.637900233 0.001064325 0.999985993 0.005199251 -1.665204287 0.000142840 -0.005199405 0.999986529 111.171920776
0.999999404 0.000697433 0.000762839 -0.649303913 -0.000699392 0.999996424 0.002569839 -1.683118582 -0.000761043 -0.002570371 0.999996424 112.510208130
0.999993622 0.002718429 0.002288250 -0.659122825 -0.002719607 0.999996185 0.000512260 -1.703507543 -0.002286848 -0.000518480 0.999997258 113.853225708
0.999974728 0.006146774 0.003572252 -0.669074535 -0.006148247 0.999981046 0.000401599 -1.723513126 -0.003569715 -0.000423552 0.999993563 115.162200928
0.999959052 0.007462827 0.005109290 -0.677211583 -0.007474706 0.999969423 0.002310206 -1.742851615 -0.005091893 -0.002348302 0.999984264 116.506607056
0.999953687 0.007388767 0.006165638 -0.675605118 -0.007417728 0.999961615 0.004687493 -1.769177198 -0.006130765 -0.004733013 0.999970019 117.837806702
0.999949396 0.006994913 0.007241406 -0.676895142 -0.007030804 0.999963045 0.004942582 -1.781886339 -0.007206565 -0.004993244 0.999961615 119.176651001
0.999940574 0.007422151 0.007982858 -0.669269204 -0.007458432 0.999961913 0.004524617 -1.798171282 -0.007948970 -0.004583888 0.999957919 120.523155212
0.999916434 0.009111695 0.009160590 -0.661525130 -0.009147570 0.999950647 0.003881912 -1.812731981 -0.009124767 -0.003965386 0.999950469 121.870109558
0.999882400 0.011291725 0.010379464 -0.665634036 -0.011330106 0.999929190 0.003646556 -1.833971143 -0.010337551 -0.003763728 0.999939501 123.209175110
0.999863029 0.011942786 0.011456604 -0.660241961 -0.011972918 0.999925017 0.002565240 -1.849532843 -0.011425109 -0.002702057 0.999931097 124.553657532
0.999832213 0.013406225 0.012481908 -0.654716372 -0.013430094 0.999908149 0.001830269 -1.874317408 -0.012456225 -0.001997595 0.999920368 125.895408630
0.999829888 0.012493539 0.013570124 -0.646815181 -0.012515511 0.999920547 0.001535455 -1.890317321 -0.013549861 -0.001705031 0.999906719 127.242752075
0.999831378 0.011620282 0.014228515 -0.630407691 -0.011664380 0.999927402 0.003020157 -1.915690899 -0.014192387 -0.003185614 0.999894202 128.604995728
0.999828577 0.010711595 0.015102772 -0.619945884 -0.010763629 0.999936402 0.003368210 -1.931857824 -0.015065732 -0.003530193 0.999880314 129.917572021
0.999826729 0.009957402 0.015728734 -0.615919590 -0.010021499 0.999941707 0.004001477 -1.948306680 -0.015687974 -0.004158408 0.999868274 131.311584473
0.999853909 0.007529011 0.015342866 -0.592845678 -0.007593896 0.999962449 0.004175149 -1.962231636 -0.015310853 -0.004291052 0.999873519 132.677581787
0.999860764 0.006288762 0.015456540 -0.587055206 -0.006362802 0.999968469 0.004745716 -1.982386112 -0.015426205 -0.004843402 0.999869287 134.031494141
0.999877274 0.004696689 0.014951155 -0.577525139 -0.004763276 0.999978900 0.004421171 -1.998685241 -0.014930072 -0.004491845 0.999878466 135.376663208
0.999901772 0.003332873 0.013612448 -0.562441826 -0.003392430 0.999984741 0.004354455 -2.014869213 -0.013597729 -0.004400207 0.999897838 136.713623047
0.999920428 0.001755236 0.012491236 -0.553279996 -0.001821287 0.999984443 0.005278434 -2.030819654 -0.012481777 -0.005300764 0.999908030 138.067474365
0.999930859 0.000287253 0.011749264 -0.547013640 -0.000352356 0.999984622 0.005539290 -2.053717852 -0.011747492 -0.005543047 0.999915600 139.393005371
0.999944389 0.000037198 0.010536870 -0.545023441 -0.000097100 0.999983847 0.005684606 -2.070939541 -0.010536487 -0.005685313 0.999928355 140.720306396
0.999954939 -0.000177818 0.009485361 -0.537737489 0.000130824 0.999987721 0.004954714 -2.086883307 -0.009486125 -0.004953250 0.999942720 142.065536499
0.999962986 -0.000437769 0.008594183 -0.538762331 0.000396456 0.999988317 0.004808236 -2.105089664 -0.008596189 -0.004804650 0.999951482 143.403137207
0.999968171 -0.002602007 0.007544721 -0.529194951 0.002584566 0.999993980 0.002320483 -2.125408649 -0.007550715 -0.002300909 0.999968767 144.734466553
0.999944568 -0.008262383 0.006524176 -0.518634975 0.008251069 0.999964416 0.001759059 -2.141681671 -0.006538479 -0.001705130 0.999977171 146.088500977
0.999864519 -0.015377017 0.005870219 -0.515867114 0.015352198 0.999873102 0.004249536 -2.165701389 -0.005934821 -0.004158840 0.999973655 147.427520752
0.999746501 -0.022096366 0.004323881 -0.505235791 0.022071594 0.999740243 0.005694615 -2.180954456 -0.004448589 -0.005597738 0.999974370 148.762023926
0.999667227 -0.025640629 0.002832322 -0.487982512 0.025634782 0.999669194 0.002081430 -2.195898294 -0.002884755 -0.002008132 0.999993801 150.108398438
0.999680459 -0.025021402 0.003595464 -0.497488558 0.025024926 0.999686420 -0.000939065 -2.217380762 -0.003570840 0.001028741 0.999993026 151.438690186
0.999750853 -0.021946654 0.004078409 -0.497870624 0.021958489 0.999754727 -0.002880312 -2.247938871 -0.004014195 0.002969150 0.999987543 152.752639771
0.999745071 -0.022028394 0.004948481 -0.502152264 0.022042219 0.999753237 -0.002757346 -2.276356697 -0.004886519 0.002865718 0.999983966 154.091171265
0.999674976 -0.024869150 0.005609909 -0.501597106 0.024866421 0.999690652 0.000557077 -2.298161745 -0.005622027 -0.000417398 0.999984086 155.441894531
0.999516964 -0.030470883 0.006096099 -0.487129271 0.030452551 0.999531507 0.003077772 -2.316943645 -0.006187025 -0.002890643 0.999976635 156.805160522
0.999398351 -0.034145057 0.006087167 -0.480981171 0.034116723 0.999406815 0.004697018 -2.340349674 -0.006243936 -0.004486518 0.999970436 158.144653320
0.999355078 -0.035364036 0.006243624 -0.476508558 0.035338093 0.999366522 0.004216339 -2.351393700 -0.006388775 -0.003992981 0.999971628 159.482894897
0.999425411 -0.033058137 0.007481079 -0.483166814 0.033021830 0.999442518 0.004924665 -2.371137619 -0.007639708 -0.004674796 0.999959886 160.832321167
0.999522984 -0.029637117 0.008682790 -0.483156919 0.029599203 0.999551833 0.004463709 -2.394361973 -0.008811190 -0.004204576 0.999952257 162.192840576
0.999609411 -0.026199872 0.009723166 -0.487807989 0.026174786 0.999653697 0.002698427 -2.414750099 -0.009790498 -0.002442871 0.999949038 163.525070190
0.999673724 -0.023348037 0.010357089 -0.480588078 0.023331469 0.999726236 0.001717862 -2.431813955 -0.010394364 -0.001475656 0.999944806 164.897857666
0.999727249 -0.020616978 0.010965175 -0.480828166 0.020590829 0.999784827 0.002492358 -2.444084406 -0.011014200 -0.002265897 0.999936759 166.261093140
0.999760330 -0.019414201 0.010115384 -0.460013628 0.019389601 0.999808908 0.002524590 -2.472870350 -0.010162465 -0.002327852 0.999945641 167.640213013
0.999810636 -0.016930962 0.009596390 -0.453241706 0.016933477 0.999856472 -0.000180634 -2.489066601 -0.009591956 0.000343100 0.999953926 168.993896484
0.999871016 -0.013270448 0.009058101 -0.449588776 0.013301871 0.999905705 -0.003417443 -2.504452229 -0.009011896 0.003537491 0.999953151 170.374267578
0.999928534 -0.007923093 0.008953338 -0.452403665 0.007965053 0.999957442 -0.004660580 -2.530796051 -0.008916033 0.004731561 0.999949038 171.740966797
0.999951541 -0.003206906 0.009310431 -0.456562281 0.003238254 0.999989152 -0.003353899 -2.558624744 -0.009299574 0.003383887 0.999951005 173.100128174
0.999949694 -0.000508611 0.010009217 -0.460079432 0.000524546 0.999998569 -0.001589508 -2.580396414 -0.010008394 0.001594679 0.999948621 174.465545654
0.999950528 0.000663552 0.009922313 -0.454485893 -0.000667624 0.999999583 0.000407045 -2.598953247 -0.009922040 -0.000413649 0.999950707 175.838409424
0.999953330 -0.003331941 0.009071584 -0.453242183 0.003314934 0.999992728 0.001889171 -2.629138947 -0.009077813 -0.001859011 0.999957085 177.188629150
0.999962509 -0.004566203 0.007357717 -0.446960688 0.004553018 0.999987900 0.001807877 -2.640626192 -0.007365884 -0.001774309 0.999971330 178.575027466
0.999967098 -0.005926854 0.005537550 -0.446151972 0.005938920 0.999980032 -0.002164599 -2.674934626 -0.005524611 0.002197415 0.999982238 179.952163696
0.999984145 -0.003946149 0.003996261 -0.443226159 0.003971943 0.999971271 -0.006467393 -2.698437691 -0.003970624 0.006483164 0.999971032 181.345230103
0.999994755 0.000622862 0.003175694 -0.452527404 -0.000600734 0.999975562 -0.006964044 -2.731135845 -0.003179954 0.006962100 0.999970734 182.753921509
0.999987483 0.003948819 0.003064485 -0.462281108 -0.003930435 0.999974370 -0.005982118 -2.762274265 -0.003088028 0.005969997 0.999977410 184.149581909
0.999975383 0.006107730 0.003435430 -0.473698497 -0.006099054 0.999978185 -0.002530343 -2.790959358 -0.003450810 0.002509327 0.999990880 185.542510986
0.999970376 0.006793831 0.003598253 -0.475057781 -0.006792479 0.999976814 -0.000387949 -2.816390038 -0.003600805 0.000363496 0.999993443 186.938873291
0.999972820 0.006365899 0.003716952 -0.476362109 -0.006366367 0.999979734 0.000114217 -2.829334021 -0.003716150 -0.000137877 0.999993026 188.351211548
0.999982595 0.004744769 0.003501599 -0.475972056 -0.004747403 0.999988437 0.000743966 -2.854426384 -0.003498029 -0.000760576 0.999993622 189.768905640
0.999990046 0.002165450 0.003891055 -0.482769251 -0.002171223 0.999996603 0.001480172 -2.879398346 -0.003887835 -0.001488606 0.999991357 191.201721191
0.999992073 -0.000940791 0.003876331 -0.474526167 0.000935010 0.999998450 0.001492823 -2.901046515 -0.003877730 -0.001489187 0.999991298 192.616424561
0.999983072 -0.004258719 0.003953893 -0.462028801 0.004248006 0.999987304 0.002714193 -2.925901175 -0.003965402 -0.002697351 0.999988556 194.054595947
0.999952137 -0.008714675 0.004445087 -0.467214346 0.008696447 0.999953747 0.004103565 -2.940599680 -0.004480643 -0.004064712 0.999981701 195.487228394
0.999926746 -0.011207839 0.004571566 -0.460303962 0.011189405 0.999929249 0.004038420 -2.957344770 -0.004616505 -0.003986971 0.999981403 196.914031982
0.999942541 -0.009358658 0.005224314 -0.468995094 0.009360624 0.999956071 -0.000352030 -2.980210066 -0.005220790 0.000400913 0.999986291 198.341766357
0.999983549 -0.001816651 0.005440755 -0.476216316 0.001845887 0.999983788 -0.005373487 -3.001579523 -0.005430906 0.005383442 0.999970734 199.758834839
0.999946535 0.007410584 0.007210168 -0.499832630 -0.007371297 0.999957919 -0.005460298 -3.033981800 -0.007250328 0.005406857 0.999959052 201.211029053
0.999861896 0.014703936 0.007743304 -0.505057335 -0.014690151 0.999890447 -0.001834004 -3.059581041 -0.007769423 0.001720000 0.999968350 202.638717651
0.999830306 0.015850855 0.009388061 -0.521269798 -0.015859526 0.999873877 0.000849831 -3.091518879 -0.009373407 -0.000998577 0.999955595 204.054397583
0.999870837 0.013595110 0.008573026 -0.510430098 -0.013605000 0.999906898 0.001096361 -3.108698606 -0.008557322 -0.001212855 0.999962687 205.495941162
0.999915957 0.010542745 0.007545165 -0.504231453 -0.010552090 0.999943614 0.001199729 -3.133654594 -0.007532091 -0.001279246 0.999970734 206.942108154
0.999937475 0.008834871 0.006857066 -0.504954338 -0.008838389 0.999960840 0.000482815 -3.150711060 -0.006852534 -0.000543390 0.999976337 208.394714355
0.999940515 0.009100115 0.006009460 -0.488407969 -0.009101126 0.999958575 0.000140897 -3.176275015 -0.006007930 -0.000195582 0.999981880 209.895095825
0.999927878 0.010349592 0.006096049 -0.500080943 -0.010352441 0.999946237 0.000436068 -3.208393097 -0.006091208 -0.000499146 0.999981284 211.327911377
0.999923766 0.010654549 0.006246900 -0.501413584 -0.010664101 0.999941945 0.001497854 -3.234142303 -0.006230579 -0.001564358 0.999979377 212.788360596
0.999922991 0.010932155 0.005873648 -0.504507780 -0.010938150 0.999939620 0.000988991 -3.258310556 -0.005862480 -0.001053161 0.999982178 214.255020142
0.999926150 0.010607173 0.005944384 -0.511091352 -0.010607274 0.999943733 -0.000014362 -3.284556627 -0.005944202 -0.000048693 0.999982297 215.721237183
0.999937713 0.009896667 0.005164127 -0.498801470 -0.009893957 0.999950886 -0.000550078 -3.301746368 -0.005169319 0.000498950 0.999986529 217.206634521
0.999934435 0.010300421 0.004999190 -0.504914522 -0.010297658 0.999946833 -0.000578047 -3.326832771 -0.005004878 0.000526529 0.999987364 218.677169800
0.999933124 0.010534389 0.004775239 -0.509228349 -0.010530576 0.999944210 -0.000822896 -3.349769354 -0.004783642 0.000772555 0.999988258 220.155487061
0.999931931 0.010766586 0.004491628 -0.513100147 -0.010761087 0.999941289 -0.001246409 -3.372544289 -0.004504784 0.001197990 0.999989152 221.637725830
0.999927342 0.011241067 0.004359408 -0.523453116 -0.011237440 0.999936461 -0.000855077 -3.407433510 -0.004368744 0.000806027 0.999990106 223.093933105
0.999930143 0.011174818 0.003883117 -0.523475230 -0.011170328 0.999936879 -0.001175765 -3.428837538 -0.003896012 0.001132307 0.999991715 224.575424194
0.999926090 0.011542040 0.003812364 -0.534911156 -0.011538357 0.999932945 -0.000986477 -3.457467079 -0.003823494 0.000942415 0.999992251 226.061920166
0.999937832 0.010444223 0.003912912 -0.540651023 -0.010439929 0.999944925 -0.001116146 -3.480680943 -0.003924354 0.001075226 0.999991655 227.556930542
0.999951065 0.009157811 0.003737987 -0.539569914 -0.009153929 0.999957561 -0.001054950 -3.514064312 -0.003747488 0.001020680 0.999992430 229.047775269
0.999958396 0.008201177 0.004005347 -0.545167923 -0.008197445 0.999965966 -0.000947314 -3.538547993 -0.004012980 0.000914441 0.999991536 230.546340942
0.999970734 0.006407059 0.004176358 -0.546506047 -0.006407189 0.999979496 0.000017739 -3.565661430 -0.004176158 -0.000044497 0.999991298 232.057632446
0.999969661 0.006533430 0.004226587 -0.549715340 -0.006535055 0.999978662 0.000371036 -3.590337038 -0.004224072 -0.000398645 0.999991000 233.559799194
0.999968410 0.006772326 0.004152675 -0.554957628 -0.006771852 0.999976993 -0.000128034 -3.619000196 -0.004153447 0.000099909 0.999991357 235.068130493
0.999961674 0.007423796 0.004643617 -0.560518384 -0.007421385 0.999972343 -0.000536562 -3.647039175 -0.004647471 0.000502080 0.999989092 236.571533203
0.999948740 0.008726924 0.005143645 -0.564720511 -0.008728089 0.999961913 0.000204057 -3.672701836 -0.005141668 -0.000248940 0.999986768 238.074874878
0.999937713 0.009362435 0.006074457 -0.576349974 -0.009376007 0.999953628 0.002209730 -3.697460651 -0.006053488 -0.002266546 0.999979079 239.587371826
0.999935091 0.009104259 0.006845262 -0.576822639 -0.009121476 0.999955297 0.002488346 -3.716520786 -0.006822301 -0.002550623 0.999973476 241.103958130
0.999924600 0.009691624 0.007531459 -0.578315258 -0.009700666 0.999952197 0.001164739 -3.743077993 -0.007519812 -0.001237712 0.999970973 242.593322754
0.999915123 0.010294621 0.007978148 -0.570457101 -0.010290843 0.999946833 -0.000514340 -3.760584116 -0.007983020 0.000432194 0.999968052 244.108016968
0.999916673 0.009864498 0.008324379 -0.568787336 -0.009870676 0.999951065 0.000701444 -3.794036865 -0.008317051 -0.000783553 0.999965131 245.640808105
0.999924302 0.009588105 0.007704743 -0.552473783 -0.009600783 0.999952555 0.001610231 -3.816489220 -0.007688938 -0.001684080 0.999969006 247.187713623
0.999919415 0.010158493 0.007614214 -0.553968430 -0.010173774 0.999946296 0.001970853 -3.838641644 -0.007593784 -0.002048160 0.999969125 248.710876465
0.999922872 0.010130019 0.007185093 -0.546655774 -0.010146671 0.999945879 0.002284779 -3.868275166 -0.007161559 -0.002357508 0.999971569 250.259414673
0.999901116 0.011770430 0.007701856 -0.545613170 -0.011789687 0.999927521 0.002459734 -3.887012005 -0.007672345 -0.002550293 0.999967337 251.803314209
0.999876797 0.013535869 0.007950350 -0.550886393 -0.013551312 0.999906301 0.001891927 -3.903264046 -0.007923997 -0.001999431 0.999966562 253.343734741
0.999871969 0.013821276 0.008063288 -0.546007395 -0.013837809 0.999902189 0.001998297 -3.920799255 -0.008034880 -0.002109620 0.999965489 254.891052246
0.999891520 0.012380905 0.007975767 -0.545492411 -0.012400940 0.999920070 0.002467342 -3.948582888 -0.007944581 -0.002565981 0.999965131 256.434509277
0.999911249 0.010726820 0.007898541 -0.535623074 -0.010751659 0.999937356 0.003109004 -3.967710972 -0.007864695 -0.003193651 0.999963999 257.959625244
0.999933243 0.008429476 0.007896244 -0.533909321 -0.008459592 0.999957085 0.003788187 -3.986250877 -0.007863970 -0.003854733 0.999961615 259.491241455
0.999941945 0.006977176 0.008208123 -0.539034605 -0.007001539 0.999971271 0.002943204 -4.004505634 -0.008187353 -0.003000503 0.999961913 261.023162842
0.999949038 0.005916127 0.008175527 -0.539262056 -0.005928542 0.999981344 0.001495171 -4.019815922 -0.008166527 -0.001543564 0.999965429 262.571075439
0.999957263 0.003872004 0.008398116 -0.525054932 -0.003904392 0.999984980 0.003843538 -4.051480770 -0.008383111 -0.003876162 0.999957323 264.126556396
0.999957979 0.001840579 0.008990603 -0.519271135 -0.001892199 0.999981821 0.005736386 -4.072027683 -0.008979882 -0.005753157 0.999943078 265.676605225
0.999961555 0.001088203 0.008693547 -0.507171154 -0.001128115 0.999988854 0.004587403 -4.087443352 -0.008688457 -0.004597035 0.999951661 267.266052246
0.999958754 0.001043563 0.009022926 -0.492500782 -0.001070368 0.999995112 0.002966427 -4.096546650 -0.009019787 -0.002975964 0.999954879 268.825225830
0.999952972 0.000969302 0.009650038 -0.481231689 -0.001004178 0.999992967 0.003609803 -4.132203579 -0.009646472 -0.003619323 0.999946833 270.383605957
0.999941111 0.002779044 0.010491476 -0.475847721 -0.002817318 0.999989450 0.003635085 -4.153807640 -0.010481263 -0.003664429 0.999938309 271.912384033
0.999921501 0.004723619 0.011606591 -0.475368738 -0.004758878 0.999984145 0.003011936 -4.172029495 -0.011592181 -0.003066934 0.999928117 273.460235596
0.999904215 0.005769121 0.012581564 -0.464017630 -0.005807236 0.999978781 0.002995047 -4.196920872 -0.012564016 -0.003067824 0.999916315 275.009094238
0.999886513 0.006867410 0.013409088 -0.448042393 -0.006901288 0.999973118 0.002481926 -4.218744755 -0.013391682 -0.002574185 0.999907017 276.540405273
0.999877274 0.007470640 0.013768905 -0.437131643 -0.007491713 0.999970913 0.001479565 -4.240303040 -0.013757451 -0.001582537 0.999904096 278.100555420
0.999874175 0.006035274 0.014670949 -0.416960239 -0.006058746 0.999980450 0.001555974 -4.267397881 -0.014661271 -0.001644665 0.999891162 279.644073486
0.999861300 0.005505816 0.015719702 -0.403067589 -0.005533477 0.999983191 0.001716650 -4.289104462 -0.015709989 -0.001803396 0.999874890 281.217010498
0.999860823 0.004671873 0.016017197 -0.379129410 -0.004715337 0.999985278 0.002676961 -4.311732769 -0.016004456 -0.002752116 0.999868095 282.784362793
0.999864101 0.003523171 0.016104227 -0.359119415 -0.003570168 0.999989450 0.002890472 -4.333817005 -0.016093876 -0.002947574 0.999866068 284.334869385
0.999873340 0.003178051 0.015596706 -0.328782558 -0.003186523 0.999994755 0.000518349 -4.359817028 -0.015594980 -0.000567983 0.999878168 285.903137207
0.999878347 0.001805817 0.015491552 -0.305970192 -0.001781614 0.999997318 -0.001576057 -4.386804581 -0.015494355 0.001548265 0.999878705 287.469116211
0.999889970 0.001435718 0.014758397 -0.289589405 -0.001412324 0.999997735 -0.001595411 -4.411767960 -0.014760654 0.001574392 0.999889731 289.035491943
0.999906182 0.000256714 0.013703143 -0.274638414 -0.000235347 0.999998689 -0.001560876 -4.438230991 -0.013703529 0.001557504 0.999904871 290.603088379
0.999922037 0.000226397 0.012484790 -0.262156487 -0.000198380 0.999997437 -0.002245223 -4.462804794 -0.012485267 0.002242571 0.999919474 292.151367188
0.999926627 0.000317403 0.012104373 -0.253054857 -0.000286139 0.999996603 -0.002584537 -4.491467953 -0.012105150 0.002580884 0.999923408 293.722625732
0.999937296 0.000062349 0.011198740 -0.233047247 -0.000039556 0.999997914 -0.002035538 -4.521380901 -0.011198844 0.002034968 0.999935210 295.295654297
0.999948144 -0.000403382 0.010190318 -0.223677874 0.000422532 0.999998152 -0.001877172 -4.550035477 -0.010189545 0.001881381 0.999946296 296.866027832
0.999958098 -0.000744427 0.009124007 -0.216157675 0.000748537 0.999999583 -0.000447086 -4.578868389 -0.009123673 0.000453897 0.999958277 298.443054199
0.999965131 0.000676727 0.008326815 -0.211398840 -0.000684507 0.999999285 0.000931448 -4.604089737 -0.008326178 -0.000937115 0.999964833 300.019195557
0.999957085 0.000879323 0.009224801 -0.206647635 -0.000887850 0.999999106 0.000920292 -4.623703957 -0.009223983 -0.000928443 0.999957025 301.607849121
0.999949992 0.001245340 0.009919307 -0.195421219 -0.001253208 0.999998927 0.000787063 -4.648662567 -0.009918316 -0.000799455 0.999950409 303.217742920
0.999945998 -0.000252483 0.010386078 -0.190791130 0.000248196 0.999999881 0.000414095 -4.669551373 -0.010386180 -0.000411494 0.999945998 304.799835205
0.999942482 -0.001853555 0.010564936 -0.175996304 0.001856995 0.999998212 -0.000315820 -4.699656010 -0.010564335 0.000335421 0.999944091 306.385711670
0.999934793 -0.003434190 0.010892533 -0.159717321 0.003460224 0.999991179 -0.002372105 -4.723532677 -0.010884291 0.002409640 0.999937832 307.985565186
0.999936283 -0.003861615 0.010605497 -0.148833513 0.003896496 0.999987066 -0.003270298 -4.752883911 -0.010592733 0.003311414 0.999938369 309.582550049
0.999959409 -0.003158706 0.008440573 -0.145815134 0.003196918 0.999984682 -0.004517639 -4.779621124 -0.008426173 0.004544439 0.999954164 311.194641113
0.999977708 -0.002143495 0.006311885 -0.140933990 0.002167439 0.999990404 -0.003789068 -4.807913780 -0.006303702 0.003802665 0.999972820 312.809997559
0.999982774 -0.001100149 0.005754068 -0.138625145 0.001104863 0.999999046 -0.000816093 -4.832604408 -0.005753164 0.000822436 0.999983072 314.440795898
0.999976456 -0.002882534 0.006229814 -0.124098182 0.002868117 0.999993205 0.002321981 -4.859272957 -0.006236465 -0.002304059 0.999977827 316.100616455
0.999973953 -0.003924651 0.006066156 -0.116869450 0.003905511 0.999987364 0.003163814 -4.881309509 -0.006078497 -0.003140040 0.999976575 317.727294922
0.999966800 -0.004576226 0.006738945 -0.119748354 0.004563748 0.999987841 0.001865842 -4.902987003 -0.006747401 -0.001835025 0.999975502 319.356079102
0.999956369 -0.006059326 0.007100284 -0.120396614 0.006044255 0.999979436 0.002142136 -4.925614834 -0.007113118 -0.002099127 0.999972463 320.967102051
0.999951959 -0.006090296 0.007684014 -0.128353357 0.006072008 0.999978662 0.002401049 -4.950727463 -0.007698473 -0.002354276 0.999967515 322.587219238
0.999949098 -0.005734078 0.008300446 -0.122330904 0.005716417 0.999981344 0.002150056 -4.971799374 -0.008312620 -0.002102498 0.999963224 324.212432861
0.999955058 -0.004472529 0.008355820 -0.115836382 0.004462797 0.999989331 0.001182898 -4.994765282 -0.008361022 -0.001145554 0.999964416 325.832031250
0.999949038 -0.003540003 0.009449015 -0.113402367 0.003533097 0.999993443 0.000747506 -5.028003693 -0.009451597 -0.000714084 0.999955058 327.454162598
0.999939978 -0.004972401 0.009759006 -0.098062515 0.004944094 0.999983490 0.002922595 -5.054758549 -0.009773377 -0.002874170 0.999948084 329.094421387
0.999928117 -0.006233176 0.010241943 -0.094566345 0.006195591 0.999974072 0.003697321 -5.079142570 -0.010264724 -0.003633601 0.999940693 330.702728271
0.999923110 -0.007371794 0.009972502 -0.079393864 0.007348836 0.999970198 0.002336872 -5.099725246 -0.009989434 -0.002263406 0.999947548 332.346038818
0.999934196 -0.006273040 0.009607124 -0.061137676 0.006250139 0.999977529 0.002411851 -5.124809265 -0.009622040 -0.002351646 0.999950945 333.986145020
0.999940991 -0.003946254 0.010122372 -0.077529907 0.003943163 0.999992132 0.000325442 -5.154753685 -0.010123575 -0.000285509 0.999948740 335.587249756
0.999961495 -0.002530641 0.008403582 -0.054078102 0.002551516 0.999993682 -0.002474335 -5.180973053 -0.008397266 0.002495682 0.999961615 337.220825195
0.999961376 -0.000707183 0.008754146 -0.064216375 0.000727327 0.999997079 -0.002298177 -5.212655544 -0.008752494 0.002304456 0.999959052 338.816162109
0.999969780 0.000521953 0.007748974 -0.066987753 -0.000533337 0.999998748 0.001467007 -5.244013786 -0.007748198 -0.001471096 0.999968946 340.398712158
0.999979615 0.000736484 0.006338923 -0.053639412 -0.000763119 0.999990880 0.004200529 -5.270608425 -0.006335771 -0.004205281 0.999971092 342.027465820
0.999985337 0.001654078 0.005158455 -0.053069949 -0.001668148 0.999994814 0.002724606 -5.291157722 -0.005153923 -0.002733171 0.999983013 343.629394531
0.999993443 0.001160747 0.003421645 -0.054714918 -0.001164423 0.999998748 0.001072346 -5.313557148 -0.003420397 -0.001076323 0.999993503 345.222534180
0.999998748 -0.000283703 0.001546829 -0.053332150 0.000280063 0.999997199 0.002352596 -5.339943886 -0.001547492 -0.002352161 0.999996066 346.819946289
0.999998748 -0.001505857 0.000394718 -0.053552076 0.001504675 0.999994397 0.002978433 -5.366639137 -0.000399201 -0.002977835 0.999995470 348.420074463
0.999998331 -0.001717877 0.000483726 -0.073988482 0.001716897 0.999996483 0.002019944 -5.385007858 -0.000487195 -0.002019110 0.999997854 350.002777100
0.999996006 -0.002792944 0.000161871 -0.078078687 0.002792775 0.999995530 0.001036440 -5.409372807 -0.000164765 -0.001035984 0.999999464 351.597198486
0.999996543 -0.002633666 0.000127231 -0.085540146 0.002633570 0.999996245 0.000742141 -5.431148529 -0.000129185 -0.000741804 0.999999702 353.183013916
0.999994993 -0.003206963 0.000124823 -0.094231695 0.003206900 0.999994874 0.000504512 -5.454245567 -0.000126441 -0.000504109 0.999999881 354.769775391
0.999993443 -0.003643549 -0.000206309 -0.096318468 0.003643508 0.999993384 -0.000200095 -5.480035305 0.000207037 0.000199342 1.000000000 356.365325928
0.999993265 -0.003644903 -0.000186012 -0.102751933 0.003644775 0.999993145 -0.000676103 -5.511068344 0.000188475 0.000675420 0.999999702 357.970275879
0.999990642 -0.004321224 -0.000170308 -0.107002951 0.004321133 0.999990523 -0.000533843 -5.537307262 0.000172613 0.000533103 0.999999821 359.560913086
0.999991477 -0.004115002 -0.000341011 -0.109363243 0.004114571 0.999990702 -0.001255348 -5.566548824 0.000346174 0.001253934 0.999999166 361.162353516
0.999982893 -0.005841612 -0.000325695 -0.115108564 0.005840741 0.999979436 -0.002614692 -5.595714092 0.000340963 0.002612745 0.999996483 362.750335693
0.999973595 -0.007265229 -0.000192695 -0.124352582 0.007265110 0.999973416 -0.000614928 -5.626697063 0.000197157 0.000613512 0.999999821 364.351867676
0.999955833 -0.009375625 -0.000729872 -0.114282310 0.009375867 0.999955952 0.000329426 -5.656882763 0.000726752 -0.000336255 0.999999702 365.950042725
0.999958277 -0.009134635 -0.000088484 -0.131001264 0.009134540 0.999957681 -0.001026662 -5.676136494 0.000097858 0.001025811 0.999999404 367.539367676
0.999969840 -0.007760006 0.000397243 -0.144665539 0.007760734 0.999968112 -0.001866950 -5.696085453 -0.000382742 0.001869976 0.999998152 369.158843994
0.999976158 -0.006884051 0.000548111 -0.148344040 0.006884447 0.999976158 -0.000723166 -5.735858440 -0.000543120 0.000726922 0.999999523 370.742919922
0.999986112 -0.005257444 0.000557942 -0.153059274 0.005257549 0.999986172 -0.000184850 -5.756448746 -0.000556963 0.000187781 0.999999762 372.344970703
0.999983966 -0.005623295 0.000682135 -0.150865525 0.005623403 0.999984205 -0.000155898 -5.789189816 -0.000681248 0.000159732 0.999999762 373.939086914
0.999986887 -0.005030726 0.000955740 -0.169413060 0.005032173 0.999986172 -0.001517244 -5.805754662 -0.000948094 0.001522034 0.999998391 375.531250000
0.999985993 -0.005151193 0.001163163 -0.166257143 0.005152425 0.999986172 -0.001059134 -5.846495152 -0.001157691 0.001065113 0.999998689 377.129638672
0.999985695 -0.005176507 0.001312488 -0.161805362 0.005177758 0.999986172 -0.000951589 -5.876526833 -0.001307544 0.000958371 0.999998629 378.756622314
0.999994278 -0.002906728 0.001744944 -0.182117164 0.002909098 0.999994874 -0.001357755 -5.897395134 -0.001740988 0.001362824 0.999997556 380.377868652
0.999996006 -0.001668094 0.002313412 -0.187274337 0.001668957 0.999998569 -0.000371196 -5.928251266 -0.002312790 0.000375055 0.999997258 381.983612061
0.999995232 0.000310474 0.003078522 -0.208696246 -0.000305963 0.999998868 -0.001465854 -5.953328609 -0.003078973 0.001464905 0.999994159 383.613983154
