1.000000000 0.000000000 0.000000000 0.000000000 0.000000000 1.000000000 0.000000000 0.000000000 0.000000000 0.000000000 1.000000000 0.000000000
1.000000000 -0.000108580 0.000097497 -0.012976723 0.000108438 0.999998927 0.001455416 -0.013325353 -0.000097655 -0.001455406 0.999998927 1.318182588
0.999998569 -0.001572901 -0.000623697 -0.009716718 0.001573995 0.999997199 0.001757934 -0.039562952 0.000620931 -0.001758914 0.999998271 2.617320061
0.999995649 -0.002867700 -0.000694701 -0.013140205 0.002868147 0.999995649 0.000643695 -0.054013409 0.000692852 -0.000645684 0.999999523 3.930639505
0.999995232 -0.003044768 -0.000506398 -0.025297724 0.003045143 0.999995112 0.000742028 -0.071399920 0.000504136 -0.000743566 0.999999583 5.256227970
0.999992490 -0.003815823 -0.000683841 -0.022421665 0.003816986 0.999991179 0.001706708 -0.098390892 0.000677323 -0.001709305 0.999998331 6.573864460
0.999986291 -0.005223836 -0.000257625 -0.031990264 0.005224499 0.999982834 0.002643576 -0.111026898 0.000243811 -0.002644886 0.999996483 7.898592949
0.999989152 -0.004618976 -0.000463229 -0.037856266 0.004620484 0.999983847 0.003306414 -0.132466048 0.000447949 -0.003308519 0.999994397 9.240071297
0.999993503 -0.003530827 -0.000709192 -0.047402360 0.003531783 0.999992788 0.001350426 -0.148510531 0.000704418 -0.001352922 0.999998868 10.586441994
0.999998629 -0.001280910 -0.001158590 -0.046285860 0.001280286 0.999999166 -0.000538906 -0.174136430 0.001159280 0.000537422 0.999999166 11.929080963
0.999996841 0.002450190 -0.000589200 -0.068061903 -0.002450933 0.999996185 -0.001263594 -0.198776677 0.000586102 0.001265034 0.999999046 13.264829636
0.999990106 0.004413068 -0.000601533 -0.083017774 -0.004413980 0.999989092 -0.001521416 -0.218915388 0.000594813 0.001524056 0.999998689 14.607600212
0.999983788 0.005668171 -0.000616886 -0.089364246 -0.005668535 0.999983788 -0.000591490 -0.240328893 0.000613523 0.000594978 0.999999702 15.962413788
0.999995053 0.003150038 0.000009506 -0.097843267 -0.003150052 0.999992609 0.002205973 -0.263592303 -0.000002558 -0.002205992 0.999997556 17.322364807
0.999999464 -0.001081815 0.000113653 -0.100962810 0.001081342 0.999991179 0.004076460 -0.282648683 -0.000118062 -0.004076336 0.999991655 18.676757812
0.999994040 -0.003464740 -0.000210789 -0.105617955 0.003465118 0.999992371 0.001824023 -0.301137954 0.000204468 -0.001824741 0.999998271 20.021341324
0.999988079 -0.004878231 -0.000271246 -0.106126323 0.004878256 0.999988079 0.000088465 -0.326049000 0.000270812 -0.000089787 0.999999940 21.394151688
0.999997914 -0.001834086 0.000982924 -0.130202085 0.001835784 0.999996841 -0.001728427 -0.340487242 -0.000979751 0.001730228 0.999998033 22.739873886
0.999998629 0.000670246 0.001524692 -0.134880409 -0.000670228 0.999999762 -0.000011950 -0.353363127 -0.001524700 0.000010928 0.999998748 24.118082047
0.999998212 0.000870748 0.001670484 -0.131296277 -0.000877692 0.999990940 0.004160834 -0.389997423 -0.001666846 -0.004162292 0.999989927 25.494955063
0.999995232 -0.001145801 0.002839495 -0.144402355 0.001128401 0.999980628 0.006122153 -0.398913175 -0.002846455 -0.006118920 0.999977231 26.867160797
0.999981523 -0.005738648 0.001990608 -0.132456183 0.005730134 0.999974549 0.004256943 -0.417436361 -0.002014987 -0.004245458 0.999988973 28.245504379
0.999981642 -0.005737351 0.001966115 -0.134022534 0.005733837 0.999981940 0.001788252 -0.430082768 -0.001976340 -0.001776944 0.999996424 29.623157501
0.999976695 -0.006253168 0.002708050 -0.135841429 0.006254880 0.999980271 -0.000624053 -0.453503728 -0.002704094 0.000640977 0.999996126 31.003921509
0.999988616 -0.003123809 0.003583182 -0.150062203 0.003127981 0.999994397 -0.001159119 -0.479487628 -0.003579541 0.001170314 0.999992907 32.378047943
0.999990284 -0.002295651 0.003766201 -0.151544794 0.002307847 0.999992013 -0.003237246 -0.505261540 -0.003758739 0.003245907 0.999987662 33.764148712
0.999991834 -0.001798988 0.003605115 -0.147400811 0.001808500 0.999994874 -0.002637224 -0.528402269 -0.003600353 0.002643723 0.999990046 35.159107208
0.999992371 -0.000758157 0.003824086 -0.160597473 0.000765346 0.999997914 -0.001878815 -0.547302604 -0.003822653 0.001881727 0.999990880 36.549518585
0.999993742 0.000617926 0.003487600 -0.166929632 -0.000617035 0.999999762 -0.000256531 -0.571078122 -0.003487758 0.000254378 0.999993920 37.947460175
0.999989152 0.003071206 0.003504937 -0.167434752 -0.003072485 0.999995232 0.000359496 -0.602391303 -0.003503816 -0.000370261 0.999993801 39.351028442
0.999977410 0.005554690 0.003797685 -0.175245360 -0.005554762 0.999984622 0.000008557 -0.623957336 -0.003797579 -0.000029652 0.999992847 40.747299194
0.999961555 0.007826844 0.003948406 -0.183306411 -0.007827385 0.999969304 0.000121186 -0.641708136 -0.003947337 -0.000152087 0.999992192 42.159599304
0.999956429 0.008619758 0.003591855 -0.184803292 -0.008620825 0.999962807 0.000281652 -0.666500807 -0.003589294 -0.000312604 0.999993503 43.556285858
0.999966919 0.007503417 0.003147706 -0.192389831 -0.007503822 0.999971807 0.000116127 -0.689023614 -0.003146746 -0.000139743 0.999995053 44.974143982
0.999975681 0.006640858 0.002147686 -0.189884275 -0.006640501 0.999978006 -0.000173920 -0.710301399 -0.002148793 0.000159655 0.999997675 46.376937866
0.999981642 0.005861773 0.001482600 -0.197351009 -0.005861908 0.999982834 0.000086874 -0.736061335 -0.001482065 -0.000095564 0.999998808 47.780551910
0.999980986 0.006152662 0.000352851 -0.199731767 -0.006153046 0.999980509 0.001099560 -0.754491150 -0.000346079 -0.001101710 0.999999285 49.210197449
0.999978900 0.006446199 -0.000687216 -0.211037189 -0.006445465 0.999978662 0.001063023 -0.781375766 0.000694053 -0.001058571 0.999999225 50.618865967
0.999974012 0.006945412 -0.001892743 -0.221141040 -0.006942442 0.999974608 0.001571278 -0.801018178 0.001903608 -0.001558097 0.999997020 52.048538208
0.999971867 0.006878676 -0.002986634 -0.234263971 -0.006871365 0.999973416 0.002451288 -0.825175703 0.003003417 -0.002430697 0.999992549 53.456920624
0.999979854 0.005175377 -0.003664535 -0.243617877 -0.005163211 0.999981225 0.003321514 -0.843800128 0.003681656 -0.003302526 0.999987781 54.898326874
0.999986231 0.003003445 -0.004290823 -0.254313231 -0.002987235 0.999988496 0.003778943 -0.869544208 0.004302123 -0.003766074 0.999983668 56.354961395
0.999988914 0.001262000 -0.004533765 -0.271051109 -0.001248433 0.999994755 0.002994003 -0.887546778 0.004537520 -0.002988310 0.999985158 57.726337433
0.999988854 0.000288814 -0.004718033 -0.282755286 -0.000272235 0.999993742 0.003514154 -0.907911479 0.004719019 -0.003512829 0.999982655 59.150646210
0.999990284 -0.001175532 -0.004248168 -0.291532159 0.001192578 0.999991238 0.004012113 -0.929735363 0.004243415 -0.004017140 0.999982953 60.583393097
0.999989331 -0.002652984 -0.003789456 -0.300205082 0.002672308 0.999983370 0.005103406 -0.950092554 0.003775855 -0.005113477 0.999979794 62.013813019
0.999989271 -0.003600130 -0.002899213 -0.325945318 0.003613619 0.999982536 0.004660974 -0.974462271 0.002882382 -0.004671401 0.999984860 63.405063629
0.999986529 -0.004670526 -0.002276572 -0.338544965 0.004678226 0.999983251 0.003388718 -0.985736072 0.002260707 -0.003399323 0.999991655 64.820381165
0.999986112 -0.004987913 -0.001714127 -0.344633162 0.004994037 0.999981105 0.003588059 -1.017251492 0.001696198 -0.003596569 0.999992013 66.234771729
0.999992549 -0.003830865 -0.000532009 -0.357414007 0.003832737 0.999986291 0.003567719 -1.036128044 0.000518334 -0.003569731 0.999993443 67.660537720
0.999999881 -0.000291242 -0.000054038 -0.375733554 0.000291486 0.999989510 0.004573802 -1.052958250 0.000052705 -0.004573817 0.999989510 69.050720215
0.999995410 0.002866591 0.000937562 -0.391342878 -0.002872170 0.999977827 0.006004155 -1.074433565 -0.000920329 -0.006006821 0.999981463 70.448120117
0.999974072 0.006997092 0.001698256 -0.402664781 -0.007008037 0.999954164 0.006526505 -1.096005559 -0.001652512 -0.006538239 0.999977231 71.854331970
0.999934494 0.011209559 0.002336691 -0.419231296 -0.011224146 0.999917030 0.006326083 -1.114973068 -0.002265584 -0.006351895 0.999977291 73.242683411
0.999891698 0.014411064 0.002987057 -0.431373537 -0.014427667 0.999880135 0.005613470 -1.134912491 -0.002905803 -0.005655960 0.999979794 74.646629333
0.999863088 0.016126737 0.003707402 -0.438546747 -0.016147543 0.999853671 0.005652469 -1.154765844 -0.003615703 -0.005711561 0.999977112 76.031700134
0.999864221 0.015994353 0.003945653 -0.441141725 -0.016017284 0.999854565 0.005851642 -1.167984962 -0.003851486 -0.005914048 0.999975085 77.426528931
0.999871254 0.015442773 0.004360142 -0.449098825 -0.015466646 0.999865234 0.005494740 -1.189027309 -0.004274700 -0.005561468 0.999975383 78.797996521
0.999892652 0.014028274 0.004215928 -0.452347457 -0.014047656 0.999890685 0.004604035 -1.207487583 -0.004150881 -0.004662764 0.999980509 80.183670044
0.999904633 0.013279411 0.003769154 -0.451735556 -0.013297241 0.999900341 0.004745674 -1.227380514 -0.003705759 -0.004795342 0.999981642 81.562828064
0.999906719 0.013172152 0.003611888 -0.455796659 -0.013189693 0.999901116 0.004876600 -1.246299267 -0.003547295 -0.004923785 0.999981582 82.928169250
0.999919772 0.012407267 0.002539555 -0.446630359 -0.012418249 0.999913394 0.004354484 -1.260583878 -0.002485308 -0.004385672 0.999987304 84.314971924
0.999918103 0.012619990 0.002112948 -0.463155925 -0.012629968 0.999908805 0.004777891 -1.277431250 -0.002052459 -0.004804186 0.999986351 85.679046631
0.999921739 0.012475371 0.000931506 -0.458836704 -0.012480346 0.999906778 0.005539346 -1.298779249 -0.000862314 -0.005550538 0.999984205 87.035385132
0.999948978 0.010102715 -0.000163595 -0.470695645 -0.010101478 0.999928892 0.006343178 -1.311928988 0.000227666 -0.006341201 0.999979794 88.457176208
0.999964714 0.008270197 -0.001458714 -0.467526972 -0.008259808 0.999941468 0.006989364 -1.338485956 0.001516432 -0.006977068 0.999974430 89.787925720
0.999982119 0.005591618 -0.002094129 -0.476806015 -0.005576219 0.999957860 0.007288264 -1.358304143 0.002134795 -0.007276458 0.999971211 91.144157410
0.999986947 0.004227112 -0.002863130 -0.481096923 -0.004207548 0.999967992 0.006805342 -1.378687620 0.002891806 -0.006793207 0.999972761 92.515815735
0.999989271 0.003497454 -0.003046536 -0.494898915 -0.003478264 0.999974251 0.006281280 -1.391548395 0.003068425 -0.006270616 0.999975681 93.850807190
0.999988258 0.003838409 -0.002951979 -0.509194195 -0.003821258 0.999975920 0.005793928 -1.411846757 0.002974148 -0.005782580 0.999978840 95.199203491
0.999988794 0.003881316 -0.002689558 -0.527305245 -0.003867052 0.999978542 0.005288547 -1.428875923 0.002710026 -0.005278087 0.999982357 96.551742554
0.999985218 0.004708400 -0.002708494 -0.538827181 -0.004696620 0.999979556 0.004339504 -1.445194006 0.002728871 -0.004326719 0.999986887 97.892921448
0.999979496 0.006052081 -0.002110100 -0.563067615 -0.006041965 0.999970376 0.004768150 -1.464001060 0.002138895 -0.004755302 0.999986410 99.229484558
0.999975085 0.006756824 -0.002014919 -0.565411568 -0.006744390 0.999958575 0.006114639 -1.484105110 0.002056152 -0.006100897 0.999979258 100.554824829
0.999967992 0.007628972 -0.002416132 -0.579349101 -0.007610587 0.999942720 0.007528812 -1.499384284 0.002473431 -0.007510182 0.999968708 101.883918762
0.999971688 0.007299314 -0.001807142 -0.586370409 -0.007288533 0.999956012 0.005902578 -1.522199035 0.001850147 -0.005889240 0.999980927 103.238151550
0.999971151 0.007455725 -0.001435296 -0.606862783 -0.007450446 0.999965549 0.003649579 -1.536983252 0.001462457 -0.003638779 0.999992311 104.557617188
0.999977052 0.006507140 -0.001896132 -0.607644558 -0.006502287 0.999975622 0.002553905 -1.563832045 0.001912704 -0.002541517 0.999994934 105.878982544
0.999989808 0.004115299 -0.001844055 -0.619341016 -0.004108296 0.999984443 0.003785266 -1.581854343 0.001859604 -0.003777651 0.999991119 107.198623657
0.999996006 0.002578485 -0.001110076 -0.628952324 -0.002572481 0.999982238 0.005376447 -1.592708349 0.001123920 -0.005373569 0.999984860 108.536460876
0.999999285 0.001045095 -0.000462332 -0.636433601 -0.001042260 0.999980986 0.006088947 -1.614775062 0.000468686 -0.006088460 0.999981344 109.867103577
0.999999762 0.000475346 0.000538836 -0.643802941 -0.000477798 0.999989510 0.004558938 -1.629328132 -0.000536664 -0.004559195 0.999989390 111.214363098
0.999995708 0.002652714 0.001330538 -0.654515743 -0.002655846 0.999993742 0.002357944 -1.646981716 -0.001324275 -0.002361468 0.999996245 112.538528442
0.999984086 0.005043166 0.002534092 -0.664984465 -0.005043232 0.999987304 0.000020299 -1.666989088 -0.002533958 -0.000033078 0.999996781 113.868377686
0.999961793 0.007857835 0.003841757 -0.671160161 -0.007858287 0.999969125 0.000102689 -1.688138008 -0.003840831 -0.000132875 0.999992609 115.190299988
0.999944687 0.008953978 0.005511164 -0.676735342 -0.008966337 0.999957323 0.002221804 -1.712976336 -0.005491035 -0.002271096 0.999982357 116.532196045
0.999938905 0.009044212 0.006356644 -0.671180546 -0.009072100 0.999949336 0.004371936 -1.729662418 -0.006316782 -0.004429338 0.999970257 117.861053467
0.999937057 0.008392852 0.007443954 -0.677196145 -0.008430310 0.999951899 0.005015028 -1.750301123 -0.007401507 -0.005077467 0.999959707 119.197143555
0.999924064 0.009095324 0.008315445 -0.668067694 -0.009130448 0.999949515 0.004195879 -1.763399363 -0.008276863 -0.004271484 0.999956608 120.548370361
0.999897957 0.010458681 0.009730361 -0.668232560 -0.010499113 0.999936402 0.004113473 -1.785019875 -0.009686721 -0.004215213 0.999944210 121.881523132
0.999860466 0.012591737 0.010973915 -0.661618829 -0.012634092 0.999912977 0.003798746 -1.801375866 -0.010925126 -0.003936861 0.999932647 123.215866089
0.999836981 0.013427487 0.012071704 -0.662772775 -0.013459902 0.999905944 0.002607989 -1.818108082 -0.012035549 -0.002770048 0.999923646 124.560714722
0.999803960 0.014629357 0.013348355 -0.657884240 -0.014652995 0.999891222 0.001674997 -1.833336115 -0.013322397 -0.001870262 0.999909461 125.914001465
0.999806881 0.013582674 0.014201377 -0.650219202 -0.013606326 0.999906182 0.001570125 -1.853207588 -0.014178720 -0.001763050 0.999897838 127.261871338
0.999789476 0.013626435 0.015340842 -0.643374085 -0.013669525 0.999902904 0.002707440 -1.872438073 -0.015302461 -0.002916572 0.999878645 128.602279663
0.999806583 0.011513775 0.015945021 -0.628185034 -0.011573511 0.999926269 0.003659090 -1.892158389 -0.015901718 -0.003842923 0.999866128 129.969665527
0.999806225 0.010761270 0.016485887 -0.612851620 -0.010826895 0.999933720 0.003896567 -1.906231761 -0.016442863 -0.004074303 0.999856532 131.323837280
0.999821901 0.008898254 0.016642014 -0.603970528 -0.008967087 0.999951541 0.004065964 -1.922005653 -0.016605029 -0.004214471 0.999853194 132.684463501
0.999833703 0.007401564 0.016663203 -0.595944405 -0.007479679 0.999961317 0.004630473 -1.940788388 -0.016628284 -0.004754339 0.999850452 134.009796143
0.999850869 0.005681114 0.016306300 -0.581779242 -0.005755486 0.999973297 0.004517759 -1.958879232 -0.016280198 -0.004610937 0.999856889 135.357360840
0.999880850 0.004585763 0.014742610 -0.568950653 -0.004649286 0.999980092 0.004277399 -1.972364306 -0.014722701 -0.004345432 0.999882102 136.690231323
0.999902308 0.003472175 0.013540200 -0.546548724 -0.003537247 0.999982297 0.004784840 -1.986511946 -0.013523344 -0.004832268 0.999896884 138.061248779
0.999920368 0.001719255 0.012507644 -0.533923626 -0.001781976 0.999985874 0.005005205 -2.003113508 -0.012498863 -0.005027093 0.999909222 139.403411865
0.999937892 0.001685701 0.011012748 -0.521593571 -0.001738362 0.999987066 0.004773968 -2.018165112 -0.011004557 -0.004792816 0.999927938 140.759063721
0.999949515 0.001073936 0.009984637 -0.516947985 -0.001115142 0.999990761 0.004122317 -2.035098791 -0.009980116 -0.004133244 0.999941647 142.097198486
0.999959290 0.001692008 0.008863812 -0.512316585 -0.001727025 0.999990642 0.003944445 -2.055533886 -0.008857056 -0.003959592 0.999952912 143.434661865
0.999967158 -0.001204400 0.008016789 -0.512226105 0.001191422 0.999997973 0.001623487 -2.074628592 -0.008018728 -0.001613882 0.999966562 144.768417358
0.999955773 -0.006554402 0.006734742 -0.490004599 0.006548682 0.999978125 0.000870926 -2.089991093 -0.006740304 -0.000826784 0.999976873 146.141204834
0.999889493 -0.013611874 0.005976360 -0.484557211 0.013591202 0.999901533 0.003486264 -2.109606981 -0.006023227 -0.003404653 0.999976039 147.484130859
0.999778032 -0.020647282 0.004193301 -0.472726107 0.020627739 0.999776423 0.004651627 -2.128747702 -0.004288408 -0.004564096 0.999980390 148.835296631
0.999699593 -0.024345011 0.002845278 -0.454264015 0.024341647 0.999702990 0.001210836 -2.144633293 -0.002873912 -0.001141215 0.999995172 150.191711426
0.999721050 -0.023375276 0.003386795 -0.456116498 0.023381632 0.999724865 -0.001848570 -2.172885895 -0.003342653 0.001927243 0.999992549 151.533096313
0.999793828 -0.019873280 0.004179645 -0.467375755 0.019889072 0.999795079 -0.003771356 -2.200857162 -0.004103838 0.003853708 0.999984086 152.856597900
0.999785662 -0.020076295 0.005075085 -0.465120435 0.020096004 0.999790609 -0.003861777 -2.228517056 -0.004996492 0.003962936 0.999979675 154.215942383
0.999712765 -0.023226600 0.005907437 -0.468204796 0.023229225 0.999730170 -0.000376078 -2.254568577 -0.005897109 0.000513196 0.999982536 155.556732178
0.999558806 -0.029030951 0.006268301 -0.452804387 0.029014578 0.999575317 0.002686886 -2.281126976 -0.006343642 -0.002503828 0.999976754 156.908874512
0.999443114 -0.032793004 0.006170415 -0.444133043 0.032769699 0.999455452 0.003840794 -2.295259953 -0.006293006 -0.003636452 0.999973595 158.242752075
0.999403656 -0.033974059 0.006174973 -0.430400968 0.033952214 0.999416888 0.003608163 -2.313595533 -0.006293956 -0.003396357 0.999974430 159.605102539
0.999451101 -0.032356724 0.007112696 -0.428676009 0.032324038 0.999466538 0.004662996 -2.334010124 -0.007259781 -0.004430525 0.999963820 160.948608398
0.999565125 -0.028397722 0.007945634 -0.416928291 0.028367257 0.999589860 0.003920694 -2.355319977 -0.008053714 -0.003693593 0.999960780 162.317596436
0.999649107 -0.024610942 0.009794739 -0.451636195 0.024597289 0.999696314 0.001512387 -2.367633343 -0.009828986 -0.001270932 0.999950886 163.630828857
0.999702275 -0.021844340 0.010872252 -0.445058584 0.021838238 0.999761283 0.000679959 -2.384300947 -0.010884509 -0.000442326 0.999940693 164.983779907
0.999749660 -0.019456437 0.011050588 -0.451618552 0.019437209 0.999809504 0.001844930 -2.404892683 -0.011084377 -0.001629676 0.999937177 166.340194702
0.999784172 -0.018092833 0.010215427 -0.428311944 0.018076068 0.999835074 0.001731237 -2.432547808 -0.010245065 -0.001546208 0.999946237 167.704437256
0.999833405 -0.015226903 0.010061506 -0.428695440 0.015238888 0.999883175 -0.001115651 -2.443907976 -0.010043343 0.001268791 0.999948740 169.078460693
0.999888301 -0.011463980 0.009585548 -0.426015735 0.011502981 0.999925792 -0.004023644 -2.463293552 -0.009538709 0.004133457 0.999945939 170.423049927
0.999936759 -0.006255605 0.009347730 -0.427139997 0.006302408 0.999967694 -0.004985871 -2.495945930 -0.009316239 0.005044469 0.999943852 171.796218872
0.999949753 -0.001964813 0.009831741 -0.434082627 0.002002573 0.999990642 -0.003832266 -2.521205425 -0.009824120 0.003851762 0.999944270 173.162582397
0.999944985 0.001138516 0.010423559 -0.438211083 -0.001116198 0.999997079 -0.002146673 -2.544557095 -0.010425971 0.002134921 0.999943376 174.522613525
0.999942899 0.002358482 0.010424389 -0.433249354 -0.002358118 0.999997199 -0.000047225 -2.567584038 -0.010424471 0.000022640 0.999945641 175.899658203
0.999956071 -0.001018429 0.009321302 -0.423631191 0.001009503 0.999998987 0.000962236 -2.590291500 -0.009322272 -0.000952783 0.999956071 177.277130127
0.999964893 -0.003289182 0.007707139 -0.411461353 0.003281476 0.999994099 0.001012250 -2.611957312 -0.007710421 -0.000986924 0.999969780 178.676666260
0.999975741 -0.003588689 0.005967259 -0.411616564 0.003609217 0.999987602 -0.003432962 -2.632282734 -0.005954864 0.003454417 0.999976337 180.066543579
0.999988914 -0.002298647 0.004103528 -0.405414402 0.002328272 0.999971151 -0.007229594 -2.666079521 -0.004086790 0.007239068 0.999965429 181.474594116
0.999990582 0.002714036 0.003386312 -0.416938066 -0.002686951 0.999964595 -0.007977590 -2.693774223 -0.003407844 0.007968416 0.999962449 182.876693726
0.999975920 0.006124594 0.003268370 -0.424817085 -0.006101275 0.999956131 -0.007097485 -2.724508286 -0.003311696 0.007077372 0.999969423 184.265777588
0.999958575 0.008319069 0.003699036 -0.438400567 -0.008305671 0.999958932 -0.003622667 -2.756177664 -0.003729021 0.003591794 0.999986589 185.647338867
0.999952137 0.008915974 0.004032583 -0.441831768 -0.008910143 0.999959171 -0.001461495 -2.782237768 -0.004045449 0.001425494 0.999990821 187.031982422
0.999957025 0.008280441 0.004165755 -0.442924976 -0.008278226 0.999965608 -0.000548832 -2.803795338 -0.004170156 0.000514323 0.999991179 188.452911377
0.999969184 0.006608431 0.004244274 -0.445164025 -0.006607773 0.999978185 -0.000168880 -2.820212841 -0.004245298 0.000140830 0.999990940 189.879867554
0.999984384 0.003778171 0.004115424 -0.435726941 -0.003780917 0.999992609 0.000659744 -2.855153561 -0.004112901 -0.000675294 0.999991298 191.333984375
0.999987960 0.001501194 0.004659043 -0.443341434 -0.001504111 0.999998569 0.000622724 -2.875145197 -0.004658102 -0.000629725 0.999988973 192.764770508
0.999985397 -0.002062558 0.004995160 -0.436586976 0.002054075 0.999996424 0.001702967 -2.898275375 -0.004998655 -0.001692682 0.999986053 194.181930542
0.999964237 -0.006262461 0.005678222 -0.434589267 0.006243445 0.999974847 0.003360339 -2.919763565 -0.005699123 -0.003324767 0.999978244 195.604629517
0.999937654 -0.009553048 0.005779365 -0.418078184 0.009534213 0.999949098 0.003278003 -2.941165447 -0.005810386 -0.003222697 0.999977946 197.065979004
0.999954700 -0.007081313 0.006369073 -0.420904040 0.007089411 0.999974012 -0.001249722 -2.958833933 -0.006360059 0.001294818 0.999978960 198.498184204
0.999979675 0.000188055 0.006376805 -0.415562749 -0.000146669 0.999978840 -0.006490067 -2.980008125 -0.006377891 0.006488999 0.999958634 199.956054688
0.999922931 0.009662202 0.007786441 -0.427916646 -0.009610489 0.999931633 -0.006651718 -3.009975433 -0.007850178 0.006576374 0.999947548 201.405487061
0.999807775 0.017525949 0.008781868 -0.442710042 -0.017500097 0.999842286 -0.003012167 -3.036457777 -0.008833275 0.002857904 0.999956906 202.837905884
0.999796629 0.017688589 0.009685799 -0.441044688 -0.017685652 0.999843478 -0.000388966 -3.070812225 -0.009691163 0.000217588 0.999953032 204.264968872
0.999834657 0.015633097 0.009286556 -0.434354186 -0.015632996 0.999877810 -0.000083094 -3.089881659 -0.009286718 -0.000062097 0.999956965 205.709091187
0.999892056 0.012394450 0.007883050 -0.423691392 -0.012393583 0.999923170 -0.000158931 -3.113201380 -0.007884415 0.000061214 0.999968827 207.149108887
0.999915540 0.010823152 0.007190986 -0.423947573 -0.010816954 0.999941051 -0.000900435 -3.132089376 -0.007200308 0.000822575 0.999973714 208.601974487
0.999923229 0.010847105 0.005980911 -0.402997971 -0.010839067 0.999940336 -0.001374677 -3.158387423 -0.005995465 0.001309744 0.999981105 210.100418091
0.999908864 0.012072136 0.006046388 -0.415548563 -0.012067630 0.999926865 -0.000780998 -3.192260742 -0.006055373 0.000707962 0.999981403 211.528488159
0.999897182 0.012826337 0.006409816 -0.419627547 -0.012825589 0.999917746 -0.000157666 -3.216372252 -0.006411310 0.000075440 0.999979436 212.983627319
0.999903977 0.012626503 0.005709675 -0.419370770 -0.012624121 0.999920189 -0.000452579 -3.241189003 -0.005714933 0.000380456 0.999983609 214.455642700
0.999910116 0.012266132 0.005425651 -0.418833256 -0.012257515 0.999923587 -0.001618341 -3.268256903 -0.005445086 0.001551691 0.999983966 215.924087524
0.999920249 0.011612209 0.004962251 -0.420762181 -0.011602155 0.999930561 -0.002050001 -3.287078381 -0.004985712 0.001992265 0.999985576 217.400527954
0.999916136 0.012033391 0.004764571 -0.426195502 -0.012023448 0.999925435 -0.002109756 -3.313705206 -0.004789604 0.002052292 0.999986410 218.873443604
0.999913335 0.012324502 0.004627062 -0.431488872 -0.012313580 0.999921322 -0.002381538 -3.338239670 -0.004656049 0.002324356 0.999986470 220.355133057
0.999910355 0.012780179 0.003984357 -0.430724621 -0.012768654 0.999914229 -0.002904820 -3.362136602 -0.004021140 0.002853686 0.999987841 221.841156006
0.999906003 0.013136714 0.003920818 -0.440187871 -0.013126805 0.999910533 -0.002542506 -3.398743391 -0.003953867 0.002490799 0.999989092 223.305953979
0.999907970 0.013088384 0.003568745 -0.443073630 -0.013078567 0.999910653 -0.002760509 -3.424414396 -0.003604556 0.002713581 0.999989867 224.784622192
0.999905944 0.013294803 0.003374876 -0.448408723 -0.013286160 0.999908388 -0.002570803 -3.455356598 -0.003408745 0.002525722 0.999991000 226.268753052
0.999916792 0.012483173 0.003262008 -0.453484833 -0.012473674 0.999917984 -0.002915632 -3.477872133 -0.003298137 0.002874700 0.999990463 227.765640259
0.999930978 0.011202818 0.003531566 -0.459932864 -0.011193212 0.999933660 -0.002727611 -3.513157368 -0.003561888 0.002687893 0.999990046 229.257308960
0.999941170 0.010135625 0.003874283 -0.466980040 -0.010126118 0.999945641 -0.002465890 -3.542060375 -0.003899066 0.002426513 0.999989510 230.752853394
0.999953091 0.008720626 0.004214303 -0.471270144 -0.008713469 0.999960542 -0.001713709 -3.567979097 -0.004229082 0.001676907 0.999989629 232.255432129
0.999952674 0.008867312 0.004005855 -0.470028400 -0.008860737 0.999959409 -0.001655899 -3.592545033 -0.004020376 0.001620326 0.999990582 233.760437012
0.999949932 0.008973306 0.004424738 -0.479663610 -0.008966263 0.999958515 -0.001609297 -3.631459236 -0.004438994 0.001569543 0.999988914 235.266357422
0.999941647 0.009658125 0.004834709 -0.482983112 -0.009648381 0.999951303 -0.002035033 -3.661892653 -0.004854128 0.001988268 0.999986231 236.773742676
0.999922395 0.011266008 0.005313036 -0.485281229 -0.011258007 0.999935389 -0.001533571 -3.687232018 -0.005329969 0.001473638 0.999984741 238.276840210
0.999914348 0.011551019 0.006157068 -0.490749836 -0.011555000 0.999933004 0.000611306 -3.714218855 -0.006149594 -0.000682398 0.999980867 239.798980713
0.999914348 0.011162679 0.006834120 -0.491474271 -0.011171076 0.999936938 0.001191900 -3.739207506 -0.006820383 -0.001268142 0.999975920 241.310165405
0.999899864 0.011990529 0.007509312 -0.488515735 -0.011986692 0.999927998 -0.000555886 -3.761811495 -0.007515437 0.000465818 0.999971628 242.805541992
0.999890387 0.012428281 0.008047713 -0.480754733 -0.012409747 0.999920189 -0.002348741 -3.781185627 -0.008076262 0.002248613 0.999964833 244.322143555
0.999893248 0.012127568 0.008138794 -0.473959923 -0.012118671 0.999925911 -0.001141502 -3.817213774 -0.008152032 0.001042749 0.999966145 245.855392456
0.999900460 0.011745382 0.007813942 -0.463484764 -0.011745587 0.999931037 -0.000019615 -3.845477104 -0.007813632 -0.000072166 0.999969482 247.396438599
0.999890625 0.012521741 0.007855665 -0.466424823 -0.012524546 0.999921501 0.000308104 -3.869619846 -0.007851191 -0.000406459 0.999969125 248.920471191
0.999901772 0.012036683 0.007181678 -0.456002474 -0.012043186 0.999927104 0.000862525 -3.906465530 -0.007170774 -0.000948930 0.999973834 250.472503662
0.999880731 0.013233270 0.007960515 -0.459243298 -0.013242235 0.999911785 0.001074461 -3.930221319 -0.007945594 -0.001179748 0.999967754 252.008728027
0.999857128 0.015015637 0.007765764 -0.458272696 -0.015022960 0.999886692 0.000885914 -3.953435421 -0.007751582 -0.001002452 0.999969423 253.550994873
0.999852777 0.015202618 0.007965456 -0.457861185 -0.015213946 0.999883235 0.001363329 -3.979228258 -0.007943800 -0.001484315 0.999967337 255.082717896
0.999872804 0.014054788 0.007536855 -0.450760603 -0.014064680 0.999900281 0.001260713 -3.999867439 -0.007518384 -0.001366556 0.999970794 256.645721436
0.999895632 0.012423905 0.007374930 -0.442247868 -0.012437735 0.999920964 0.001832260 -4.019380569 -0.007351584 -0.001923796 0.999971092 258.178833008
0.999923944 0.010038025 0.007164887 -0.434803009 -0.010055752 0.999946475 0.002442269 -4.038684845 -0.007139988 -0.002514131 0.999971330 259.692077637
0.999936461 0.008072689 0.007866059 -0.448816776 -0.008089404 0.999965012 0.002095485 -4.064664841 -0.007848868 -0.002158984 0.999966800 261.231781006
0.999944866 0.007142130 0.007694473 -0.445427656 -0.007146826 0.999974310 0.000583203 -4.079493523 -0.007690109 -0.000638162 0.999970198 262.783752441
0.999952376 0.005288750 0.008196328 -0.438202620 -0.005310756 0.999982297 0.002665374 -4.108231544 -0.008182088 -0.002708776 0.999962866 264.339263916
0.999952435 0.003180815 0.009216804 -0.439344406 -0.003221653 0.999985039 0.004419473 -4.128429413 -0.009202607 -0.004448956 0.999947727 265.886413574
0.999966085 0.002142045 0.007941781 -0.411208630 -0.002169427 0.999991715 0.003440967 -4.146129608 -0.007934343 -0.003458080 0.999962568 267.476409912
0.999962687 0.001855383 0.008430617 -0.399822474 -0.001874962 0.999995589 0.002315096 -4.163340092 -0.008426283 -0.002330816 0.999961793 269.026672363
0.999955773 0.002127931 0.009159570 -0.394020796 -0.002149227 0.999994993 0.002315819 -4.191432953 -0.009154595 -0.002335403 0.999955297 270.571624756
0.999943554 0.003881397 0.009889624 -0.388909101 -0.003903266 0.999989986 0.002192917 -4.214071751 -0.009881014 -0.002231395 0.999948680 272.104583740
0.999928176 0.005153500 0.010814471 -0.384994745 -0.005175626 0.999984562 0.002019057 -4.237537384 -0.010803899 -0.002074884 0.999939501 273.648406982
0.999910295 0.006334311 0.011799120 -0.373504639 -0.006357457 0.999978006 0.001925275 -4.263241291 -0.011786667 -0.002000115 0.999928594 275.204803467
0.999896765 0.007261959 0.012396249 -0.353255272 -0.007277618 0.999972761 0.001218381 -4.281963348 -0.012387063 -0.001308470 0.999922395 276.740539551
0.999887347 0.007700537 0.012877508 -0.343392372 -0.007708485 0.999970138 0.000567650 -4.309078693 -0.012872751 -0.000666852 0.999916852 278.293518066
0.999878824 0.006667771 0.014066954 -0.333179235 -0.006672740 0.999977708 0.000306343 -4.334547520 -0.014064600 -0.000400171 0.999900937 279.848876953
0.999878287 0.006224705 0.014304386 -0.299510002 -0.006235075 0.999980271 0.000680391 -4.365720749 -0.014299869 -0.000769497 0.999897420 281.403594971
0.999879479 0.004961170 0.014712615 -0.279839039 -0.004984615 0.999986351 0.001557205 -4.385367870 -0.014704689 -0.001630354 0.999890566 282.976318359
0.999881923 0.003833552 0.014884708 -0.262584686 -0.003858089 0.999991238 0.001620093 -4.408267975 -0.014878370 -0.001677328 0.999887884 284.537048340
0.999889016 0.003430045 0.014499089 -0.242128372 -0.003420080 0.999993920 -0.000711957 -4.437067986 -0.014501443 0.000662290 0.999894559 286.117156982
0.999898791 0.002038429 0.014080670 -0.219429493 -0.001996473 0.999993443 -0.002993095 -4.463477135 -0.014086679 0.002964680 0.999896348 287.684509277
0.999914825 0.001933191 0.012907244 -0.195527315 -0.001898409 0.999994457 -0.002706440 -4.497279167 -0.012912408 0.002681706 0.999913037 289.240600586
0.999926686 0.000925015 0.012069036 -0.183621407 -0.000887529 0.999994755 -0.003110988 -4.518854141 -0.012071848 0.003100048 0.999922335 290.832366943
0.999938726 0.000672089 0.011047977 -0.177037716 -0.000630747 0.999992788 -0.003745105 -4.547673225 -0.011050413 0.003737907 0.999931931 292.378417969
0.999946117 0.000801097 0.010346068 -0.166306496 -0.000758314 0.999991179 -0.004138380 -4.577605724 -0.010349294 0.004130313 0.999937832 293.955474854
0.999955118 0.000969427 0.009423451 -0.148631811 -0.000935994 0.999993265 -0.003551617 -4.610399246 -0.009426829 0.003542638 0.999949276 295.523315430
0.999964476 0.000587936 0.008407049 -0.143563986 -0.000558725 0.999993742 -0.003476582 -4.643472195 -0.008409044 0.003471762 0.999958575 297.087097168
0.999974430 0.000077020 0.007152129 -0.136959076 -0.000063788 0.999998271 -0.001850287 -4.679244041 -0.007152259 0.001849783 0.999972701 298.654449463
0.999978304 0.001445604 0.006424673 -0.136198401 -0.001441792 0.999998748 -0.000597915 -4.705568790 -0.006425529 0.000588639 0.999979198 300.231262207
0.999972820 0.001605117 0.007197634 -0.133182526 -0.001600925 0.999998510 -0.000588086 -4.728173733 -0.007198567 0.000576547 0.999973893 301.826995850
0.999966264 0.002069290 0.007941747 -0.126758337 -0.002064263 0.999997795 -0.000641128 -4.757030964 -0.007943055 0.000624713 0.999968231 303.433807373
0.999964058 0.000662409 0.008447046 -0.127160311 -0.000654216 0.999999285 -0.000972579 -4.780042171 -0.008447683 0.000967019 0.999963880 305.011718750
0.999962389 -0.000985087 0.008615130 -0.116239786 0.001000558 0.999997854 -0.001791631 -4.811785698 -0.008613347 0.001800183 0.999961197 306.600677490
0.999955773 -0.002505179 0.009065825 -0.106050730 0.002540242 0.999989271 -0.003858066 -4.836945534 -0.009056063 0.003880926 0.999951482 308.199523926
0.999956787 -0.003120976 0.008757121 -0.098717928 0.003163251 0.999983370 -0.004817799 -4.869016171 -0.008741939 0.004845292 0.999950051 309.792175293
0.999975860 -0.002425176 0.006505150 -0.096668005 0.002464359 0.999978781 -0.006022113 -4.898478985 -0.006490409 0.006037998 0.999960721 311.407257080
0.999989331 -0.001319205 0.004424825 -0.093786001 0.001342960 0.999984682 -0.005369863 -4.926959991 -0.004417672 0.005375748 0.999975801 313.017547607
0.999991655 -0.000408074 0.004047794 -0.096642971 0.000416726 0.999997616 -0.002136807 -4.957056522 -0.004046911 0.002138476 0.999989510 314.646820068
0.999988437 -0.001959651 0.004395189 -0.083994985 0.001955781 0.999997675 0.000884653 -4.984610558 -0.004396913 -0.000876047 0.999989867 316.293762207
0.999987960 -0.002729771 0.004101603 -0.078374028 0.002723390 0.999995112 0.001560510 -5.007117271 -0.004105843 -0.001549321 0.999990344 317.923767090
0.999984205 -0.003361588 0.004506832 -0.080374956 0.003360458 0.999994278 0.000258040 -5.029444218 -0.004507673 -0.000242890 0.999989808 319.537536621
0.999975324 -0.005067190 0.004870111 -0.085123777 0.005064385 0.999987066 0.000588009 -5.056352615 -0.004873028 -0.000563330 0.999987960 321.146514893
0.999973595 -0.004876859 0.005390616 -0.096480250 0.004872793 0.999987841 0.000767338 -5.082918644 -0.005394292 -0.000741050 0.999985158 322.761688232
0.999971807 -0.004689964 0.005866565 -0.092289686 0.004686114 0.999988794 0.000669965 -5.109789371 -0.005869642 -0.000642454 0.999982595 324.384399414
0.999976158 -0.003381647 0.006014828 -0.091220260 0.003384191 0.999994159 -0.000412821 -5.134109497 -0.006013398 0.000433167 0.999981880 325.998718262
0.999969184 -0.002514468 0.007427316 -0.105598927 0.002519410 0.999996603 -0.000656162 -5.172900677 -0.007425641 0.000674855 0.999972224 327.588897705
0.999963522 -0.003905300 0.007597790 -0.092449188 0.003894504 0.999991417 0.001435113 -5.201005936 -0.007603330 -0.001405471 0.999970138 329.228973389
0.999954879 -0.005093019 0.008020787 -0.095029354 0.005074911 0.999984503 0.002276422 -5.228060246 -0.008032258 -0.002235614 0.999965250 330.826293945
0.999952018 -0.006172575 0.007606877 -0.081544161 0.006165376 0.999980450 0.000969498 -5.252515316 -0.007612712 -0.000922552 0.999970555 332.462646484
0.999959946 -0.005235284 0.007264156 -0.067671537 0.005228132 0.999985814 0.001003067 -5.279473782 -0.007269304 -0.000965049 0.999973118 334.101745605
0.999966919 -0.003038901 0.007548809 -0.087909698 0.003046611 0.999994874 -0.001010004 -5.309997082 -0.007545700 0.001032969 0.999970913 335.687744141
0.999976218 -0.001430860 0.006737575 -0.084452391 0.001457256 0.999991298 -0.003914328 -5.338587761 -0.006731916 0.003924053 0.999969602 337.308837891
0.999982595 -0.000074441 0.005909379 -0.085260630 0.000093973 0.999994576 -0.003305151 -5.374366760 -0.005909101 0.003305649 0.999977112 338.920288086
0.999987066 0.000866994 0.005015112 -0.090165257 -0.000866895 0.999999642 -0.000021957 -5.403076172 -0.005015130 0.000017610 0.999987423 340.516906738
0.999993086 0.001368304 0.003479263 -0.090744019 -0.001379165 0.999994159 0.003121432 -5.434052467 -0.003474972 -0.003126208 0.999989033 342.115509033
0.999995351 0.002039410 0.002241646 -0.091657221 -0.002043234 0.999996483 0.001704954 -5.458394527 -0.002238161 -0.001709527 0.999995947 343.726318359
0.999998510 0.001611202 0.000533508 -0.099275738 -0.001611172 0.999998629 -0.000056772 -5.481128216 -0.000533598 0.000055912 0.999999821 345.311553955
0.999999166 0.000289010 -0.001244767 -0.105374485 -0.000287415 0.999999166 0.001281063 -5.507188797 0.001245136 -0.001280704 0.999998331 346.899536133
0.999997020 -0.000995529 -0.002216042 -0.113895833 0.000999783 0.999997616 0.001919622 -5.538046360 0.002214126 -0.001921831 0.999995649 348.487365723
0.999996066 -0.001394416 -0.002440831 -0.134515822 0.001396578 0.999998629 0.000884212 -5.555076599 0.002439595 -0.000887617 0.999996603 350.087280273
0.999992907 -0.002362888 -0.002940568 -0.140759885 0.002362295 0.999997199 -0.000204941 -5.580683708 0.002941044 0.000197993 0.999995589 351.684722900
0.999993265 -0.002313159 -0.002848258 -0.155009985 0.002311971 0.999997258 -0.000420252 -5.605914116 0.002849222 0.000413664 0.999995828 353.278472900
0.999991655 -0.002832410 -0.002921557 -0.168841243 0.002829909 0.999995649 -0.000859803 -5.629334927 0.002923980 0.000851529 0.999995291 354.863403320
0.999989629 -0.003411891 -0.003003881 -0.177124858 0.003408093 0.999993384 -0.001268708 -5.662985802 0.003008190 0.001258457 0.999994695 356.470245361
0.999987900 -0.003802667 -0.003115028 -0.190699637 0.003796293 0.999990702 -0.002049790 -5.688843727 0.003122794 0.002037940 0.999993026 358.072967529
0.999985576 -0.004300431 -0.003193683 -0.197665632 0.004294177 0.999988854 -0.001962645 -5.716509819 0.003202087 0.001948903 0.999992907 359.659271240
0.999985158 -0.004232803 -0.003437778 -0.204416633 0.004223575 0.999987483 -0.002687111 -5.749307156 0.003449108 0.002672551 0.999990404 361.254882812
0.999976933 -0.005846352 -0.003439469 -0.214183331 0.005832749 0.999975145 -0.003951958 -5.781311989 0.003462488 0.003931806 0.999986291 362.842559814
0.999966443 -0.007438230 -0.003430439 -0.224056244 0.007431927 0.999970675 -0.001846117 -5.815302849 0.003444069 0.001820561 0.999992430 364.428527832
0.999948084 -0.009413886 -0.003910350 -0.220322013 0.009410160 0.999955177 -0.000970087 -5.847362041 0.003919307 0.000933240 0.999991953 366.043884277
0.999952137 -0.009225893 -0.003250970 -0.243906558 0.009218486 0.999954879 -0.002285421 -5.869697571 0.003271908 0.002255343 0.999992132 367.626434326
0.999963343 -0.008125973 -0.002711741 -0.264171422 0.008116814 0.999961376 -0.003371005 -5.890683174 0.002739029 0.003348871 0.999990702 369.227874756
0.999969304 -0.007298081 -0.002849440 -0.267031312 0.007292855 0.999971628 -0.001840225 -5.939031601 0.002862789 0.001819388 0.999994218 370.830963135
0.999979556 -0.005778921 -0.002754484 -0.276766539 0.005776268 0.999982834 -0.000970024 -5.964944363 0.002760043 0.000954093 0.999995649 372.436309814
0.999979973 -0.005864028 -0.002369982 -0.287229300 0.005861343 0.999982119 -0.001138492 -5.999066830 0.002376616 0.001124578 0.999996543 374.010589600
0.999982357 -0.005617732 -0.001971690 -0.310540646 0.005612666 0.999980986 -0.002565446 -6.017121792 0.001986064 0.002554334 0.999994814 375.602111816
0.999982595 -0.005549171 -0.001989423 -0.311493695 0.005545085 0.999982536 -0.002053916 -6.060110092 0.002000786 0.002042849 0.999995887 377.195281982
0.999983191 -0.005432699 -0.002024026 -0.309364974 0.005428233 0.999982893 -0.002205646 -6.089357376 0.002035974 0.002194621 0.999995530 378.823272705
0.999993503 -0.003284398 -0.001445822 -0.335589737 0.003280762 0.999991417 -0.002509666 -6.112018108 0.001454052 0.002504906 0.999995828 380.436676025
0.999997795 -0.001804836 -0.000989008 -0.346615702 0.001803321 0.999997139 -0.001530428 -6.145279408 0.000991767 0.001528641 0.999998331 382.041870117
0.999999762 -0.000566334 -0.000393019 -0.367840767 0.000565327 0.999996543 -0.002557270 -6.172017097 0.000394466 0.002557047 0.999996662 383.677612305
