1.000000000 0.000000000 0.000000000 0.000000000 0.000000000 1.000000000 0.000000000 0.000000000 0.000000000 0.000000000 1.000000000 0.000000000
1.000000000 -0.000047210 0.000141155 -0.015108990 0.000047008 0.999998987 0.001427579 -0.012455730 -0.000141222 -0.001427572 0.999998987 1.315455317
0.999998569 -0.001563824 -0.000652777 -0.009533096 0.001564976 0.999997199 0.001768266 -0.038739957 0.000650010 -0.001769285 0.999998212 2.615681410
0.999996185 -0.002686031 -0.000645839 -0.014526268 0.002686497 0.999996126 0.000721809 -0.054363143 0.000643898 -0.000723542 0.999999464 3.926874399
0.999995589 -0.002928684 -0.000463846 -0.025018625 0.002929008 0.999995470 0.000700639 -0.071069010 0.000461792 -0.000701994 0.999999583 5.253422260
0.999992967 -0.003673781 -0.000716841 -0.022476193 0.003675131 0.999991596 0.001892402 -0.100511380 0.000709883 -0.001895023 0.999997973 6.567492962
0.999986827 -0.005099378 -0.000303461 -0.032486673 0.005100214 0.999983072 0.002823449 -0.113185674 0.000289058 -0.002824960 0.999995887 7.895810604
0.999989808 -0.004491987 -0.000396853 -0.040258106 0.004493392 0.999983370 0.003613628 -0.137398049 0.000380614 -0.003615375 0.999993324 9.225412369
0.999994218 -0.003358067 -0.000518151 -0.051929057 0.003358921 0.999993026 0.001654794 -0.153135940 0.000512590 -0.001656525 0.999998510 10.570907593
0.999998689 -0.001251453 -0.000940855 -0.054330420 0.001251237 0.999999166 -0.000230596 -0.178516001 0.000941142 0.000229419 0.999999464 11.900835991
0.999996722 0.002511908 -0.000430396 -0.072583206 -0.002512351 0.999996305 -0.001032774 -0.201929718 0.000427800 0.001033851 0.999999344 13.241279602
0.999989152 0.004650372 -0.000321239 -0.093725234 -0.004650739 0.999988616 -0.001152601 -0.223623589 0.000315875 0.001154083 0.999999285 14.569163322
0.999982774 0.005848186 -0.000469230 -0.095168687 -0.005848376 0.999982834 -0.000404928 -0.243067563 0.000466854 0.000407665 0.999999881 15.927734375
0.999994695 0.003251410 0.000199605 -0.106965430 -0.003251906 0.999991477 0.002541340 -0.268459171 -0.000191340 -0.002541975 0.999996722 17.273344040
0.999999702 -0.000829195 0.000297769 -0.109698832 0.000827885 0.999990106 0.004369305 -0.286418259 -0.000301389 -0.004369057 0.999990404 18.629484177
0.999993801 -0.003503043 -0.000094495 -0.106812432 0.003503236 0.999991536 0.002126868 -0.304337382 0.000087044 -0.002127186 0.999997735 19.971370697
0.999989688 -0.004530789 -0.000236559 -0.114626460 0.004530863 0.999989748 0.000313813 -0.323434204 0.000235135 -0.000314881 0.999999940 21.322961807
0.999998331 -0.001546652 0.000976774 -0.128252313 0.001548047 0.999997735 -0.001428805 -0.344854951 -0.000974562 0.001430315 0.999998510 22.667972565
0.999998331 0.001090433 0.001477887 -0.132764429 -0.001091044 0.999999344 0.000412491 -0.360936701 -0.001477436 -0.000414103 0.999998868 24.051311493
0.999997497 0.001026882 0.001945888 -0.142511502 -0.001035202 0.999990284 0.004279259 -0.386106372 -0.001941475 -0.004281262 0.999988973 25.404630661
0.999994874 -0.000914654 0.003036947 -0.156047523 0.000896103 0.999981046 0.006104343 -0.393887997 -0.003042472 -0.006101591 0.999976754 26.773668289
0.999984980 -0.005140941 0.001960402 -0.139355063 0.005132383 0.999977350 0.004345357 -0.412059247 -0.001982698 -0.004335230 0.999988556 28.157037735
0.999985814 -0.004896980 0.002111105 -0.143926680 0.004892929 0.999986172 0.001919860 -0.424147904 -0.002120477 -0.001909504 0.999995887 29.531391144
0.999979019 -0.005916527 0.002633222 -0.141695440 0.005918016 0.999982357 -0.000557491 -0.448039293 -0.002629878 0.000573063 0.999996305 30.900659561
0.999991238 -0.002574485 0.003296123 -0.151562274 0.002578364 0.999996006 -0.001173248 -0.472649246 -0.003293089 0.001181736 0.999993861 32.278514862
0.999991775 -0.001257991 0.003848475 -0.160803214 0.001271869 0.999992669 -0.003605872 -0.494162291 -0.003843912 0.003610737 0.999986053 33.652706146
0.999991059 -0.000579838 0.004186688 -0.162293226 0.000591495 0.999995947 -0.002783678 -0.520442665 -0.004185058 0.002786129 0.999987364 35.043334961
0.999991894 -0.000095361 0.004026792 -0.171125963 0.000102774 0.999998212 -0.001840772 -0.543333888 -0.004026610 0.001841171 0.999990225 36.431831360
0.999993205 0.001291287 0.003448176 -0.173404261 -0.001290027 0.999999046 -0.000367612 -0.565521300 -0.003448648 0.000363161 0.999994040 37.831558228
0.999986291 0.003697703 0.003702348 -0.179764420 -0.003698829 0.999993086 0.000297298 -0.596096039 -0.003701224 -0.000310988 0.999993026 39.231254578
0.999971926 0.006273351 0.004080010 -0.190204650 -0.006272932 0.999980330 -0.000115622 -0.616954029 -0.004080655 0.000090025 0.999991655 40.623908997
0.999956369 0.008434583 0.004015307 -0.191809386 -0.008434701 0.999964416 0.000012184 -0.634862781 -0.004015062 -0.000046051 0.999991953 42.044700623
0.999954224 0.008874389 0.003586028 -0.191921473 -0.008873798 0.999960601 -0.000180610 -0.655300975 -0.003587489 0.000148780 0.999993622 43.446075439
0.999958515 0.008495358 0.003290316 -0.198843256 -0.008495583 0.999963939 0.000054519 -0.683846176 -0.003289734 -0.000082470 0.999994576 44.866970062
0.999966979 0.007694645 0.002619904 -0.200344086 -0.007693653 0.999970257 -0.000388814 -0.704765737 -0.002622817 0.000368644 0.999996483 46.261905670
0.999975979 0.006739290 0.001613359 -0.206265748 -0.006739192 0.999977291 -0.000066871 -0.727314889 -0.001613773 0.000055996 0.999998689 47.670566559
0.999974310 0.007152209 0.000529338 -0.208828747 -0.007152643 0.999974072 0.000821571 -0.745457232 -0.000523449 -0.000825336 0.999999523 49.100147247
0.999973893 0.007180630 -0.000783348 -0.217508078 -0.007179991 0.999973893 0.000815709 -0.773845971 0.000789184 -0.000810064 0.999999404 50.519535065
0.999972403 0.007206693 -0.001801973 -0.233569562 -0.007204673 0.999973416 0.001125294 -0.791172922 0.001810034 -0.001112280 0.999997735 51.934642792
0.999972820 0.006643805 -0.003210133 -0.243676215 -0.006636023 0.999975085 0.002428943 -0.817140460 0.003226191 -0.002407575 0.999991894 53.347808838
0.999975860 0.005968553 -0.003560030 -0.257963806 -0.005957708 0.999977589 0.003049403 -0.834498525 0.003578150 -0.003028119 0.999989033 54.802650452
0.999983251 0.003972690 -0.004207063 -0.262196034 -0.003958531 0.999986529 0.003368655 -0.853980780 0.004220390 -0.003351944 0.999985516 56.244468689
0.999987602 0.002055190 -0.004563369 -0.286248058 -0.002043750 0.999994755 0.002510268 -0.874271214 0.004568504 -0.002500910 0.999986410 57.652503967
0.999987185 0.000594606 -0.005039573 -0.293704420 -0.000579444 0.999995351 0.003009637 -0.896713734 0.005041339 -0.003006678 0.999982834 59.076541901
0.999990344 -0.000545585 -0.004361813 -0.309743077 0.000561450 0.999993205 0.003636844 -0.918161273 0.004359799 -0.003639257 0.999983788 60.487407684
0.999989331 -0.002128798 -0.004100109 -0.316140234 0.002147046 0.999987781 0.004451308 -0.935619354 0.004090582 -0.004460064 0.999981582 61.920032501
0.999989152 -0.003375647 -0.003211184 -0.341849804 0.003389251 0.999985278 0.004240759 -0.965562344 0.003196822 -0.004251596 0.999985874 63.293472290
0.999986172 -0.004570803 -0.002574556 -0.353379369 0.004578556 0.999985039 0.003013663 -0.978756845 0.002560742 -0.003025409 0.999992192 64.707405090
0.999986231 -0.004681372 -0.002372095 -0.356419742 0.004688567 0.999984324 0.003036613 -1.006421089 0.002357842 -0.003047692 0.999992549 66.113990784
0.999992192 -0.003707087 -0.001366661 -0.367660224 0.003711089 0.999988794 0.002937216 -1.025074720 0.001355757 -0.002942265 0.999994695 67.537834167
0.999999404 -0.000280532 -0.000991889 -0.384545058 0.000284578 0.999991596 0.004081993 -1.045489669 0.000990735 -0.004082272 0.999991179 68.887626648
0.999996305 0.002706913 -0.000200854 -0.400080204 -0.002705794 0.999981880 0.005381467 -1.066048503 0.000215417 -0.005380903 0.999985516 70.276908875
0.999979794 0.006335083 0.000579498 -0.410932541 -0.006338511 0.999961197 0.006117565 -1.088002920 -0.000540721 -0.006121115 0.999981105 71.676322937
0.999945581 0.010390732 0.001015066 -0.426002592 -0.010396508 0.999928832 0.005861579 -1.106648564 -0.000954088 -0.005871812 0.999982297 73.067481995
0.999897540 0.014164275 0.002030758 -0.447598994 -0.014174393 0.999886751 0.005058057 -1.125380278 -0.001958884 -0.005086324 0.999985158 74.455505371
0.999870181 0.015879031 0.002712833 -0.455681682 -0.015892677 0.999860764 0.005083678 -1.145972610 -0.002631731 -0.005126133 0.999983370 75.841957092
0.999871254 0.015750989 0.003057216 -0.463479161 -0.015767246 0.999861240 0.005369426 -1.161297917 -0.002972218 -0.005416938 0.999980927 77.243560791
0.999874115 0.015526009 0.003263568 -0.472740740 -0.015542539 0.999866188 0.005102519 -1.181868315 -0.003183909 -0.005152602 0.999981642 78.617767334
0.999899745 0.013737541 0.003439375 -0.486027837 -0.013751912 0.999896646 0.004190314 -1.202958941 -0.003381455 -0.004237190 0.999985278 79.977249146
0.999907672 0.013193916 0.003263750 -0.492479414 -0.013207794 0.999903679 0.004268580 -1.222775459 -0.003207116 -0.004311292 0.999985576 81.353500366
0.999910176 0.013120124 0.002712954 -0.484766901 -0.013131774 0.999904454 0.004322379 -1.245333910 -0.002655984 -0.004357617 0.999987006 82.725639343
0.999922693 0.012263970 0.002034633 -0.485698551 -0.012271622 0.999917507 0.003792721 -1.259627342 -0.001987951 -0.003817396 0.999990761 84.101623535
0.999920845 0.012508566 0.001346542 -0.499548316 -0.012514002 0.999913275 0.004106905 -1.271713495 -0.001295054 -0.004123431 0.999990582 85.465606689
0.999929667 0.011854405 0.000019764 -0.492771178 -0.011854365 0.999918401 0.004759180 -1.292827010 0.000036655 -0.004759080 0.999988616 86.834785461
0.999949038 0.010061110 -0.000825662 -0.505343080 -0.010055895 0.999930978 0.006093162 -1.326470733 0.000886909 -0.006084550 0.999981105 88.213104248
0.999968588 0.007634485 -0.002153961 -0.514654279 -0.007620282 0.999949634 0.006526729 -1.339401007 0.002203682 -0.006510109 0.999976397 89.574851990
0.999980927 0.005459312 -0.002886654 -0.530915856 -0.005440137 0.999963343 0.006609763 -1.359531164 0.002922633 -0.006593933 0.999974012 90.935325623
0.999982834 0.004663127 -0.003575328 -0.537139714 -0.004642868 0.999973178 0.005653933 -1.372108459 0.003601598 -0.005637235 0.999977648 92.313201904
0.999987781 0.003547311 -0.003441271 -0.555441797 -0.003527995 0.999978065 0.005603427 -1.396585226 0.003461073 -0.005591217 0.999978364 93.628364563
0.999984801 0.003591544 -0.004164342 -0.559656560 -0.003571508 0.999982059 0.004808853 -1.411052108 0.004181538 -0.004793908 0.999979734 94.989707947
0.999986470 0.003616885 -0.003736612 -0.576899886 -0.003600653 0.999984086 0.004341620 -1.435040474 0.003752256 -0.004328107 0.999983609 96.353103638
0.999983788 0.004289301 -0.003736263 -0.590502203 -0.004274600 0.999983132 0.003933678 -1.456713915 0.003753072 -0.003917643 0.999985337 97.694244385
0.999977112 0.005880770 -0.003320140 -0.612497330 -0.005867821 0.999975145 0.003896624 -1.473432302 0.003342973 -0.003877053 0.999986827 99.026824951
0.999975145 0.006419286 -0.002882381 -0.628455877 -0.006403085 0.999963820 0.005595656 -1.493667603 0.002918197 -0.005577060 0.999980152 100.357231140
0.999966145 0.007649425 -0.003038662 -0.644182682 -0.007628653 0.999947846 0.006789512 -1.512392640 0.003090439 -0.006766100 0.999972343 101.694778442
0.999971092 0.007088949 -0.002776087 -0.656908989 -0.007074056 0.999960661 0.005338246 -1.525834322 0.002813821 -0.005318452 0.999981940 103.032196045
0.999970675 0.007041519 -0.002991683 -0.669856727 -0.007032553 0.999970794 0.002997350 -1.547490478 0.003012701 -0.002976224 0.999991000 104.338012695
0.999975622 0.006198900 -0.003203275 -0.679048359 -0.006193057 0.999979198 0.001831111 -1.564858913 0.003214560 -0.001811228 0.999993205 105.684104919
0.999987543 0.003938496 -0.003045814 -0.694447279 -0.003929102 0.999987483 0.003084021 -1.589101553 0.003057922 -0.003072016 0.999990582 106.998985291
0.999995708 0.001566517 -0.002482037 -0.704805017 -0.001553787 0.999985695 0.005122535 -1.607029676 0.002490026 -0.005118657 0.999983788 108.341842651
0.999998927 0.000348734 -0.001435306 -0.712997019 -0.000340785 0.999984622 0.005534451 -1.623036623 0.001437214 -0.005533956 0.999983668 109.644386292
0.999999344 -0.000743511 -0.000865087 -0.716355383 0.000747167 0.999990702 0.004233087 -1.641693950 0.000861932 -0.004233731 0.999990702 110.962188721
0.999998927 0.001444216 0.000004563 -0.736160934 -0.001444222 0.999997199 0.001876936 -1.660862565 -0.000001852 -0.001876940 0.999998152 112.279853821
0.999992788 0.003410840 0.001625833 -0.747522295 -0.003410345 0.999994159 -0.000306489 -1.681556702 -0.001626868 0.000300942 0.999998629 113.617851257
0.999971449 0.007053145 0.002687905 -0.760558963 -0.007052307 0.999975085 -0.000321104 -1.702332020 -0.002690102 0.000302139 0.999996364 114.903640747
0.999956429 0.008281567 0.004302775 -0.768444002 -0.008287150 0.999964833 0.001281281 -1.719711065 -0.004292011 -0.001316883 0.999989986 116.252258301
0.999953508 0.008035782 0.005334454 -0.771732569 -0.008055750 0.999960601 0.003732638 -1.742715120 -0.005304249 -0.003775437 0.999978781 117.576042175
0.999952316 0.007496550 0.006269844 -0.771038055 -0.007522496 0.999963224 0.004124881 -1.757954836 -0.006238692 -0.004171848 0.999971867 118.914413452
0.999940157 0.008168687 0.007266811 -0.770276904 -0.008194399 0.999960184 0.003515536 -1.773612499 -0.007237806 -0.003574873 0.999967396 120.252441406
0.999914348 0.009844190 0.008613757 -0.766656876 -0.009869594 0.999947071 0.002911610 -1.791007280 -0.008584638 -0.002996376 0.999958575 121.594993591
0.999879003 0.012191002 0.009658591 -0.769203186 -0.012216193 0.999922097 0.002553439 -1.807500839 -0.009626712 -0.002671121 0.999950051 122.939781189
0.999859154 0.012764776 0.010898008 -0.766132593 -0.012782225 0.999917090 0.001532973 -1.824122667 -0.010877538 -0.001672057 0.999939442 124.287239075
0.999831319 0.014188029 0.011663150 -0.761020184 -0.014198477 0.999898851 0.000813530 -1.851391315 -0.011650427 -0.000978992 0.999931574 125.612602234
0.999827504 0.013366262 0.012895434 -0.754984498 -0.013375131 0.999910355 0.000601679 -1.870030642 -0.012886237 -0.000774054 0.999916673 126.961791992
0.999832690 0.012446890 0.013404788 -0.742089629 -0.012474685 0.999920189 0.001991948 -1.896264195 -0.013378924 -0.002158835 0.999908149 128.311798096
0.999842763 0.010890770 0.013991721 -0.727151871 -0.010926715 0.999937117 0.002495196 -1.913699627 -0.013963667 -0.002647688 0.999898970 129.647491455
0.999831736 0.010727874 0.014881412 -0.728029609 -0.010774239 0.999937296 0.003038864 -1.932272911 -0.014847880 -0.003198689 0.999884665 131.010055542
0.999858022 0.008271561 0.014680517 -0.709754825 -0.008318339 0.999960601 0.003128236 -1.946289301 -0.014654064 -0.003249910 0.999887347 132.363449097
0.999871194 0.007047540 0.014418785 -0.697198987 -0.007103677 0.999967396 0.003845881 -1.970773339 -0.014391212 -0.003947812 0.999888599 133.744125366
0.999888957 0.005354916 0.013906430 -0.687696338 -0.005403649 0.999979317 0.003469156 -1.987561703 -0.013887568 -0.003543916 0.999897301 135.091506958
0.999911845 0.004232851 0.012584385 -0.676494360 -0.004275681 0.999985158 0.003378436 -2.004570246 -0.012569896 -0.003431945 0.999915063 136.439086914
0.999926865 0.003054189 0.011694541 -0.668850064 -0.003101402 0.999987185 0.004021225 -2.018048763 -0.011682109 -0.004057201 0.999923527 137.782577515
0.999941111 0.001396550 0.010762060 -0.665784717 -0.001445974 0.999988556 0.004586034 -2.043815613 -0.010755531 -0.004601326 0.999931574 139.127670288
0.999952435 0.000995704 0.009703947 -0.665774703 -0.001040995 0.999988616 0.004663338 -2.061717033 -0.009699196 -0.004673218 0.999942064 140.457443237
0.999963939 0.000674567 0.008468064 -0.657499194 -0.000707823 0.999992073 0.003924873 -2.079099655 -0.008465350 -0.003930725 0.999956429 141.805816650
0.999972880 0.000486507 0.007347345 -0.657366633 -0.000512505 0.999993682 0.003536966 -2.096274376 -0.007345576 -0.003540635 0.999966800 143.142852783
0.999975979 -0.001883453 0.006667279 -0.649885833 0.001874257 0.999997199 0.001385349 -2.121807814 -0.006669871 -0.001372819 0.999976814 144.478347778
0.999956608 -0.007341505 0.005736585 -0.642527759 0.007337129 0.999972701 0.000783395 -2.139481068 -0.005742179 -0.000741271 0.999983191 145.838287354
0.999883950 -0.014425433 0.004898821 -0.638189852 0.014409523 0.999890864 0.003267962 -2.165255070 -0.004945429 -0.003196992 0.999982655 147.177215576
0.999772608 -0.021104829 0.003046995 -0.624728203 0.021091115 0.999767542 0.004464561 -2.179420471 -0.003140511 -0.004399281 0.999985456 148.512817383
0.999694347 -0.024630276 0.002146449 -0.615535021 0.024627663 0.999695957 0.001235554 -2.200703144 -0.002176228 -0.001182314 0.999996960 149.866485596
0.999714077 -0.023777198 0.002551771 -0.623548865 0.023782136 0.999715447 -0.001923191 -2.222340107 -0.002505317 0.001983328 0.999994934 151.192825317
0.999772906 -0.021064356 0.003234380 -0.628345847 0.021075619 0.999771774 -0.003488662 -2.258290768 -0.003160155 0.003556037 0.999988616 152.498657227
0.999771357 -0.020970955 0.004191985 -0.639329910 0.020986060 0.999773324 -0.003592408 -2.283916235 -0.004115699 0.003679560 0.999984682 153.826980591
0.999699473 -0.024067067 0.004658579 -0.631919682 0.024068106 0.999710321 -0.000166222 -2.308739901 -0.004653229 0.000278296 0.999989152 155.181610107
0.999554396 -0.029426072 0.005010886 -0.618138254 0.029413791 0.999564171 0.002507564 -2.329512835 -0.005082489 -0.002359058 0.999984384 156.543029785
0.999433815 -0.033242047 0.005217307 -0.615732908 0.033221420 0.999440193 0.003991563 -2.351254225 -0.005347074 -0.003815977 0.999978423 157.876068115
0.999382615 -0.034746118 0.005198860 -0.610818744 0.034727965 0.999390543 0.003542501 -2.364675999 -0.005318780 -0.003359769 0.999980211 159.213546753
0.999466836 -0.032021869 0.006375523 -0.615164638 0.031998575 0.999481022 0.003722569 -2.378268719 -0.006491418 -0.003516576 0.999972761 160.571838379
0.999558806 -0.028739631 0.007487566 -0.617284060 0.028713662 0.999581337 0.003552822 -2.405984402 -0.007586538 -0.003336259 0.999965668 161.940414429
0.999646842 -0.025168359 0.008523338 -0.621694446 0.025156029 0.999682307 0.001550943 -2.424991369 -0.008559663 -0.001335982 0.999962509 163.272354126
0.999712408 -0.022144670 0.009200983 -0.617991209 0.022139113 0.999754667 0.000705416 -2.442099333 -0.009214344 -0.000501511 0.999957442 164.647796631
0.999755859 -0.019774968 0.009852240 -0.620232105 0.019761108 0.999803603 0.001502039 -2.457374573 -0.009880006 -0.001306981 0.999950349 166.009384155
0.999790609 -0.018280363 0.009198421 -0.603511333 0.018266357 0.999831855 0.001603913 -2.486033916 -0.009226195 -0.001435555 0.999956369 167.387069702
0.999838412 -0.015563301 0.009007892 -0.602887869 0.015574462 0.999877989 -0.001170103 -2.502138376 -0.008988583 0.001310206 0.999958754 168.737014771
0.999895453 -0.011943734 0.008151531 -0.597795844 0.011978509 0.999919295 -0.004230638 -2.521131039 -0.008100343 0.004327839 0.999957740 170.114639282
0.999946356 -0.006534601 0.008050057 -0.600530386 0.006579634 0.999962747 -0.005580419 -2.547827959 -0.008013293 0.005633086 0.999952018 171.477447510
0.999961436 -0.002337103 0.008461655 -0.607996821 0.002371145 0.999989152 -0.004015286 -2.578609943 -0.008452178 0.004035195 0.999956131 172.835418701
0.999957025 0.000384099 0.009260268 -0.616363049 -0.000363707 0.999997497 -0.002203746 -2.603344202 -0.009261091 0.002200283 0.999954700 174.196456909
0.999956429 0.001444516 0.009219375 -0.612201333 -0.001444408 0.999998927 -0.000018340 -2.626269579 -0.009219391 0.000005023 0.999957502 175.572769165
0.999962270 -0.001778101 0.008500109 -0.607185006 0.001771129 0.999998033 0.000827634 -2.647932529 -0.008501565 -0.000812548 0.999963582 176.951828003
0.999966502 -0.004439034 0.006872989 -0.602390885 0.004430798 0.999989390 0.001213275 -2.671298981 -0.006878302 -0.001182781 0.999975622 178.333038330
0.999977827 -0.004548925 0.004860742 -0.599822223 0.004564588 0.999984384 -0.003215952 -2.693006754 -0.004846038 0.003238068 0.999983013 179.731338501
0.999988496 -0.003635363 0.003158117 -0.596499503 0.003657059 0.999969542 -0.006891584 -2.724824429 -0.003132968 0.006903055 0.999971271 181.128814697
0.999996006 0.001236063 0.002544508 -0.608291149 -0.001216632 0.999970198 -0.007623987 -2.752259970 -0.002553856 0.007620860 0.999967694 182.529571533
0.999986112 0.004730883 0.002288493 -0.616496146 -0.004715087 0.999965310 -0.006858912 -2.781758785 -0.002320862 0.006848027 0.999973834 183.923858643
0.999972403 0.006880490 0.002804429 -0.632348716 -0.006871231 0.999970913 -0.003297668 -2.815042973 -0.002827037 0.003278308 0.999990642 185.299758911
0.999965370 0.007667563 0.003232691 -0.638891935 -0.007663821 0.999969959 -0.001168164 -2.843144417 -0.003241551 0.001143349 0.999994099 186.687179565
0.999968886 0.007011476 0.003620207 -0.646703482 -0.007010588 0.999975443 -0.000257931 -2.860856771 -0.003621927 0.000232543 0.999993443 188.102355957
0.999978840 0.005447827 0.003551202 -0.643842816 -0.005448648 0.999985158 0.000221804 -2.884359121 -0.003549941 -0.000241148 0.999993682 189.539749146
0.999988675 0.002911431 0.003772193 -0.645791233 -0.002914268 0.999995530 0.000746611 -2.907834768 -0.003770002 -0.000757595 0.999992609 190.969497681
0.999993563 -0.000279465 0.003569390 -0.626483977 0.000276372 0.999999583 0.000866930 -2.929516554 -0.003569630 -0.000865938 0.999993265 192.427810669
0.999985456 -0.003396835 0.004172397 -0.628298461 0.003388226 0.999992192 0.002068551 -2.951555252 -0.004179390 -0.002054384 0.999989092 193.853347778
0.999959409 -0.007748893 0.004593893 -0.623247445 0.007732929 0.999964058 0.003482552 -2.968455791 -0.004620715 -0.003446887 0.999983311 195.318313599
0.999936044 -0.010250328 0.004770980 -0.608974099 0.010234525 0.999942064 0.003325184 -2.984649658 -0.004804788 -0.003276143 0.999983072 196.747589111
0.999953866 -0.007916526 0.005429641 -0.623050570 0.007921946 0.999968171 -0.000977281 -3.011125326 -0.005421731 0.001020249 0.999984741 198.209594727
0.999982893 -0.000649755 0.005812702 -0.629447460 0.000684951 0.999981523 -0.006055173 -3.032990932 -0.005808659 0.006059052 0.999964774 199.631866455
0.999935031 0.008664089 0.007400132 -0.644696474 -0.008617524 0.999943018 -0.006301431 -3.060598612 -0.007454306 0.006237251 0.999952793 201.072509766
0.999835432 0.016308332 0.007942316 -0.647526860 -0.016288400 0.999864101 -0.002567788 -3.087975025 -0.007983114 0.002437998 0.999965191 202.500686646
0.999812961 0.016966905 0.009295465 -0.657008886 -0.016968234 0.999855936 0.000063725 -3.124179363 -0.009293047 -0.000221441 0.999956787 203.932479858
0.999845922 0.015298543 0.008603358 -0.650565505 -0.015301289 0.999882936 0.000253717 -3.141132593 -0.008598467 -0.000385321 0.999962986 205.364196777
0.999901354 0.011638770 0.007852353 -0.645077705 -0.011642208 0.999932110 0.000392133 -3.167590857 -0.007847256 -0.000483513 0.999969065 206.820220947
0.999922574 0.010060324 0.007314420 -0.649180293 -0.010059295 0.999949396 -0.000177493 -3.186407566 -0.007315835 0.000103902 0.999973238 208.271163940
0.999928117 0.010054838 0.006532655 -0.633206964 -0.010050828 0.999949276 -0.000646462 -3.215178013 -0.006538824 0.000580757 0.999978483 209.755264282
0.999912143 0.011483410 0.006622567 -0.636990905 -0.011482434 0.999934077 -0.000185274 -3.240043640 -0.006624259 0.000109214 0.999978065 211.222351074
0.999902666 0.012194476 0.006774821 -0.644863844 -0.012200182 0.999925315 0.000801612 -3.267793655 -0.006764540 -0.000884188 0.999976754 212.674957275
0.999913514 0.011772076 0.005851410 -0.626142621 -0.011773637 0.999930620 0.000232780 -3.294907331 -0.005848264 -0.000301653 0.999982774 214.190567017
0.999924898 0.011102669 0.005184211 -0.619551420 -0.011098593 0.999938071 -0.000814468 -3.323135376 -0.005192933 0.000756869 0.999986172 215.660247803
0.999932766 0.010499131 0.004916370 -0.618945241 -0.010493601 0.999944210 -0.001149285 -3.343070745 -0.004928162 0.001097617 0.999987245 217.134643555
0.999931574 0.010724437 0.004673343 -0.624410033 -0.010719841 0.999942005 -0.001007761 -3.370128870 -0.004683881 0.000957594 0.999988496 218.607452393
0.999926448 0.011231452 0.004582582 -0.630035639 -0.011225631 0.999936163 -0.001293655 -3.392850876 -0.004596819 0.001242117 0.999988675 220.085601807
0.999933481 0.010840291 0.003960732 -0.624234319 -0.010834156 0.999940097 -0.001566956 -3.418786764 -0.003977480 0.001523941 0.999990940 221.582733154
0.999920249 0.012045084 0.003797680 -0.632618845 -0.012039303 0.999926329 -0.001541262 -3.448110104 -0.003815966 0.001495418 0.999991596 223.010787964
0.999923646 0.011852751 0.003513828 -0.635940611 -0.011846631 0.999928236 -0.001757353 -3.471865892 -0.003534406 0.001715592 0.999992251 224.492156982
0.999916196 0.012456173 0.003524991 -0.652754068 -0.012449846 0.999920785 -0.001811025 -3.495268822 -0.003547270 0.001766987 0.999992132 225.963409424
0.999924541 0.011734157 0.003639252 -0.658713639 -0.011725870 0.999928594 -0.002289994 -3.515188932 -0.003665864 0.002247148 0.999990761 227.458938599
0.999943078 0.010122696 0.003350639 -0.655183196 -0.010116053 0.999946773 -0.001993558 -3.550678968 -0.003370641 0.001959550 0.999992311 228.953887939
0.999952555 0.009042148 0.003608045 -0.662371457 -0.009036317 0.999957800 -0.001629112 -3.579247475 -0.003622624 0.001596432 0.999992132 230.447799683
0.999966621 0.007254218 0.003748027 -0.669281363 -0.007251602 0.999973416 -0.000711022 -3.606237650 -0.003753085 0.000683819 0.999992669 231.948501587
0.999965608 0.007477663 0.003596713 -0.670185864 -0.007475914 0.999972045 -0.000498973 -3.630124807 -0.003600344 0.000472067 0.999993443 233.451293945
0.999964058 0.007682509 0.003571255 -0.677784920 -0.007679637 0.999970317 -0.000816902 -3.661833286 -0.003577424 0.000789446 0.999993265 234.956588745
0.999958217 0.008367321 0.003684567 -0.677411258 -0.008361951 0.999963939 -0.001470213 -3.687192917 -0.003696735 0.001439341 0.999992073 236.462310791
0.999948144 0.009364826 0.004020397 -0.680759192 -0.009362007 0.999955952 -0.000719172 -3.713269949 -0.004026954 0.000681496 0.999991655 237.963256836
0.999933898 0.010278540 0.005176070 -0.696609974 -0.010284081 0.999946594 0.001045263 -3.734109163 -0.005165049 -0.001098425 0.999986053 239.469940186
0.999932528 0.010077151 0.005798145 -0.695232630 -0.010084645 0.999948442 0.001264752 -3.753209352 -0.005785100 -0.001323139 0.999982357 240.988952637
0.999924302 0.010490407 0.006419266 -0.699247241 -0.010491106 0.999944925 0.000075174 -3.781832457 -0.006418123 -0.000142514 0.999979377 242.471923828
0.999923706 0.010500953 0.006492596 -0.685010195 -0.010491643 0.999943912 -0.001466318 -3.800629616 -0.006507630 0.001398088 0.999977827 243.993957520
0.999916673 0.010788790 0.007092852 -0.691565037 -0.010784882 0.999941587 -0.000589038 -3.833861351 -0.007098793 0.000512493 0.999974608 245.526458740
0.999922335 0.010593382 0.006564445 -0.678637028 -0.010596877 0.999943674 0.000498051 -3.859358311 -0.006558800 -0.000567575 0.999978244 247.070129395
0.999913037 0.011354318 0.006717327 -0.684934735 -0.011360487 0.999935091 0.000880834 -3.883907080 -0.006706889 -0.000957069 0.999977052 248.588363647
0.999917626 0.011300221 0.006083140 -0.674857020 -0.011305666 0.999935746 0.000861747 -3.909330845 -0.006073010 -0.000930450 0.999981046 250.152755737
0.999898136 0.012672375 0.006561328 -0.674736261 -0.012680230 0.999918997 0.001156966 -3.932311535 -0.006546134 -0.001240047 0.999977767 251.691192627
0.999875844 0.014252428 0.006724376 -0.679840326 -0.014258473 0.999897897 0.000851827 -3.952353239 -0.006711550 -0.000947601 0.999977052 253.242492676
0.999869466 0.014589649 0.006935541 -0.677096009 -0.014596184 0.999893010 0.000892794 -3.971125841 -0.006921774 -0.000993910 0.999975622 254.791519165
0.999886394 0.013438598 0.006822637 -0.679104686 -0.013447921 0.999908686 0.001322113 -4.000262737 -0.006804246 -0.001413713 0.999975860 256.334197998
0.999907672 0.011859624 0.006628630 -0.671118379 -0.011872722 0.999927640 0.001940281 -4.020979881 -0.006605139 -0.002018802 0.999976099 257.865112305
0.999931514 0.009333375 0.007048871 -0.673675060 -0.009352629 0.999952614 0.002703544 -4.041781425 -0.007023304 -0.002769285 0.999971509 259.380340576
0.999942899 0.007934933 0.007149589 -0.682373643 -0.007948417 0.999966621 0.001859694 -4.063911438 -0.007134594 -0.001916416 0.999972701 260.913330078
0.999951839 0.006813499 0.007059741 -0.683180690 -0.006818033 0.999976635 0.000618530 -4.082973003 -0.007055361 -0.000666634 0.999974906 262.461608887
0.999961495 0.005207191 0.007064797 -0.666539311 -0.005224321 0.999983430 0.002408426 -4.108681202 -0.007052138 -0.002445243 0.999972165 264.019439697
0.999965429 0.002980606 0.007761593 -0.664265394 -0.003015034 0.999985576 0.004427666 -4.132660389 -0.007748283 -0.004450914 0.999960124 265.568695068
0.999972999 0.002289775 0.006980730 -0.644613385 -0.002310913 0.999992728 0.003021532 -4.145864964 -0.006973762 -0.003037581 0.999971092 267.158843994
0.999970138 0.002072404 0.007452541 -0.635648251 -0.002086948 0.999996006 0.001944348 -4.163641930 -0.007448482 -0.001959843 0.999970317 268.710083008
0.999962449 0.002729513 0.008225878 -0.629264355 -0.002743139 0.999994874 0.001645634 -4.189252377 -0.008221344 -0.001668137 0.999964833 270.259857178
0.999949455 0.004340320 0.009076226 -0.626299620 -0.004356929 0.999988854 0.001810866 -4.215298176 -0.009068265 -0.001850319 0.999957204 271.793243408
0.999933720 0.005775584 0.009961654 -0.626531363 -0.005789770 0.999982357 0.001395816 -4.236256599 -0.009953417 -0.001453399 0.999949396 273.327728271
0.999918401 0.006816985 0.010802248 -0.614631891 -0.006832304 0.999975681 0.001381808 -4.263327599 -0.010792564 -0.001455500 0.999940693 274.884124756
0.999896526 0.008438439 0.011652623 -0.599966764 -0.008446364 0.999964118 0.000631072 -4.283807278 -0.011646880 -0.000729429 0.999931931 276.415283203
0.999887824 0.008824685 0.012106664 -0.590743780 -0.008821107 0.999960959 -0.000348945 -4.307872295 -0.012109271 0.000242112 0.999926686 277.971771240
0.999883413 0.007742749 0.013158785 -0.578588724 -0.007735980 0.999969900 -0.000565255 -4.333027840 -0.013162766 0.000463393 0.999913275 279.525115967
0.999873459 0.007385937 0.014079662 -0.565006971 -0.007381726 0.999972641 -0.000351023 -4.357634068 -0.014081868 0.000247047 0.999900818 281.086212158
0.999872565 0.006405456 0.014622282 -0.550546646 -0.006414190 0.999979258 0.000550405 -4.381229877 -0.014618454 -0.000644125 0.999892950 282.653686523
0.999874592 0.005554469 0.014828106 -0.532186985 -0.005564691 0.999984324 0.000648209 -4.407135963 -0.014824273 -0.000730641 0.999889910 284.208404541
0.999884725 0.004976925 0.014343399 -0.502341747 -0.004955720 0.999986589 -0.001513435 -4.439056396 -0.014350736 0.001442179 0.999895990 285.786895752
0.999894679 0.003360795 0.014120432 -0.482647419 -0.003308089 0.999987483 -0.003754237 -4.465461731 -0.014132871 0.003707130 0.999893308 287.353393555
0.999904633 0.003577694 0.013336896 -0.461586237 -0.003528723 0.999986947 -0.003693515 -4.496715069 -0.013349935 0.003646101 0.999904156 288.916656494
0.999922931 0.002133094 0.012224447 -0.441609383 -0.002088013 0.999991119 -0.003699353 -4.522785187 -0.012232228 0.003673543 0.999918401 290.465118408
0.999934554 0.001846445 0.011283634 -0.439970255 -0.001799165 0.999989629 -0.004198899 -4.551652908 -0.011291270 0.004178323 0.999927521 292.007110596
0.999938548 0.002664148 0.010761336 -0.428885221 -0.002613421 0.999985397 -0.004725171 -4.586791039 -0.010773769 0.004696757 0.999930918 293.567016602
0.999950349 0.002501101 0.009647151 -0.409397840 -0.002460132 0.999987900 -0.004256297 -4.620484352 -0.009657682 0.004232354 0.999944389 295.135284424
0.999959707 0.001966351 0.008755170 -0.403210640 -0.001931529 0.999990225 -0.003984054 -4.655486584 -0.008762916 0.003966983 0.999953747 296.699371338
0.999969959 0.001660955 0.007564128 -0.394016981 -0.001642144 0.999995649 -0.002492441 -4.688294888 -0.007568236 0.002479945 0.999968290 298.264862061
0.999972641 0.003189170 0.006678556 -0.387466908 -0.003180549 0.999994099 -0.001301147 -4.715834618 -0.006682666 0.001279870 0.999976873 299.839965820
0.999967098 0.003268190 0.007424082 -0.382726431 -0.003258437 0.999993801 -0.001325212 -4.737458706 -0.007428367 0.001300977 0.999971509 301.432067871
0.999957561 0.003762646 0.008412922 -0.379324675 -0.003751901 0.999992192 -0.001292634 -4.768220901 -0.008417720 0.001261015 0.999963760 303.031219482
0.999956846 0.002414422 0.008969623 -0.377216816 -0.002398965 0.999995649 -0.001733669 -4.792521477 -0.008973769 0.001712076 0.999958277 304.592346191
0.999958932 0.000624205 0.009031476 -0.363117695 -0.000602417 0.999996901 -0.002414995 -4.828131199 -0.009032957 0.002409456 0.999956310 306.180206299
0.999955893 -0.000958623 0.009341705 -0.349218369 0.001001859 0.999988794 -0.004624604 -4.851841450 -0.009337167 0.004633760 0.999945641 307.787933350
0.999957502 -0.001235697 0.009131130 -0.345167398 0.001286758 0.999983490 -0.005588223 -4.883027077 -0.009124071 0.005599736 0.999942720 309.379394531
0.999976158 -0.000380432 0.006900052 -0.343670130 0.000426828 0.999977291 -0.006723780 -4.914531708 -0.006897337 0.006726565 0.999953628 310.986480713
0.999986589 0.000714232 0.005128705 -0.345981956 -0.000683102 0.999981344 -0.006068970 -4.947577477 -0.005132945 0.006065386 0.999968350 312.601928711
0.999987304 0.001708517 0.004753971 -0.346970916 -0.001695051 0.999994576 -0.002835034 -4.979056835 -0.004758789 0.002826941 0.999984682 314.229583740
0.999986708 0.000193281 0.005149847 -0.333579898 -0.000194519 0.999999940 0.000239791 -5.009995461 -0.005149801 -0.000240790 0.999986708 315.886474609
0.999987304 -0.000743934 0.004970425 -0.328696609 0.000738308 0.999999106 0.001133608 -5.035913467 -0.004971263 -0.001129924 0.999987006 317.514282227
0.999983609 -0.001760284 0.005444299 -0.330253124 0.001761673 0.999998391 -0.000250333 -5.058638573 -0.005443849 0.000259920 0.999985158 319.140411377
0.999978304 -0.003390202 0.005641263 -0.327757597 0.003389579 0.999994278 0.000119851 -5.085317612 -0.005641636 -0.000100727 0.999984086 320.757385254
0.999972522 -0.003270315 0.006653072 -0.348866701 0.003268062 0.999994576 0.000349524 -5.111783981 -0.006654180 -0.000327772 0.999977767 322.363891602
0.999970496 -0.002874201 0.007122504 -0.343716383 0.002874666 0.999995887 -0.000055032 -5.133637905 -0.007122316 0.000075505 0.999974549 323.985687256
0.999973655 -0.001560181 0.007091247 -0.338008642 0.001568634 0.999998093 -0.001186652 -5.158466339 -0.007089383 0.001197744 0.999974132 325.603118896
0.999967933 -0.000481354 0.007993740 -0.333697557 0.000493685 0.999998689 -0.001540600 -5.196229458 -0.007992988 0.001544497 0.999966860 327.229919434
0.999961734 -0.001861314 0.008546859 -0.324555874 0.001857329 0.999998212 0.000474191 -5.225369453 -0.008547725 -0.000458298 0.999963403 328.870330811
0.999957263 -0.003293475 0.008639869 -0.319081068 0.003281296 0.999993622 0.001423479 -5.254481316 -0.008644502 -0.001395068 0.999961674 330.464294434
0.999955058 -0.004331890 0.008428155 -0.305972815 0.004330769 0.999990582 0.000151178 -5.280082703 -0.008428733 -0.000114670 0.999964416 332.105987549
0.999961376 -0.003372524 0.008118714 -0.294730425 0.003371138 0.999994278 0.000184451 -5.306267738 -0.008119293 -0.000157074 0.999967039 333.738098145
0.999965549 -0.001312827 0.008195148 -0.308565140 0.001327572 0.999997497 -0.001794093 -5.338524818 -0.008192773 0.001804911 0.999964774 335.332794189
0.999970496 0.000378883 0.007671155 -0.307112455 -0.000343043 0.999989033 -0.004672802 -5.368724823 -0.007672841 0.004670032 0.999959648 336.949981689
0.999975502 0.001528838 0.006833851 -0.307136297 -0.001499925 0.999989808 -0.004233915 -5.403789520 -0.006840255 0.004223560 0.999967694 338.548828125
0.999980986 0.002614266 0.005587074 -0.304638624 -0.002609182 0.999996126 -0.000917078 -5.432977200 -0.005589450 0.000902483 0.999983966 340.159088135
0.999985814 0.003078080 0.004339683 -0.305927634 -0.003088597 0.999992311 0.002418683 -5.466241837 -0.004332206 -0.002432052 0.999987602 341.760070801
0.999989331 0.003666621 0.002816396 -0.306666315 -0.003669595 0.999992728 0.001051967 -5.494022369 -0.002812517 -0.001062291 0.999995470 343.359344482
0.999993801 0.003349390 0.001097885 -0.312974155 -0.003348621 0.999994159 -0.000701156 -5.517285824 -0.001100227 0.000697475 0.999999166 344.944519043
0.999997854 0.001925087 -0.000692514 -0.318120271 -0.001924766 0.999998033 0.000464566 -5.543949604 0.000693407 -0.000463232 0.999999642 346.531738281
0.999997556 0.000653979 -0.002093629 -0.320187569 -0.000652262 0.999999464 0.000820592 -5.570144653 0.002094164 -0.000819225 0.999997497 348.133148193
0.999998331 0.000410822 -0.001789744 -0.344794989 -0.000410457 0.999999881 0.000204304 -5.597537041 0.001789828 -0.000203569 0.999998391 349.734436035
0.999997735 -0.000510944 -0.002077920 -0.351825923 0.000509180 0.999999523 -0.000848939 -5.622311115 0.002078353 0.000847879 0.999997437 351.333038330
0.999997735 -0.000473709 -0.002073911 -0.360513031 0.000471532 0.999999344 -0.001049922 -5.650087357 0.002074407 0.001048941 0.999997318 352.931121826
0.999997735 -0.000938076 -0.001907279 -0.374372572 0.000935656 0.999998748 -0.001269673 -5.677350521 0.001908468 0.001267886 0.999997377 354.520202637
0.999997079 -0.001260163 -0.002066114 -0.382761717 0.001256551 0.999997675 -0.001748726 -5.708772182 0.002068313 0.001746124 0.999996305 356.114471436
0.999997377 -0.001477607 -0.001748912 -0.395403355 0.001473897 0.999996662 -0.002120851 -5.745595455 0.001752040 0.002118268 0.999996245 357.736450195
0.999996543 -0.001918332 -0.001800982 -0.401512504 0.001914947 0.999996424 -0.001879519 -5.775754452 0.001804580 0.001876063 0.999996603 359.322814941
0.999996185 -0.001916930 -0.001980888 -0.407442302 0.001911770 0.999994755 -0.002603475 -5.808190823 0.001985868 0.002599679 0.999994636 360.915710449
0.999992073 -0.003434510 -0.002017470 -0.414745688 0.003426229 0.999985695 -0.004094400 -5.838078499 0.002031503 0.004087456 0.999989569 362.504791260
0.999986172 -0.004878375 -0.001931895 -0.425474346 0.004874273 0.999985814 -0.002122505 -5.870704651 0.001942223 0.002113058 0.999995887 364.115936279
0.999972224 -0.007009799 -0.002518344 -0.422297508 0.007006713 0.999974728 -0.001231987 -5.903022766 0.002526917 0.001214307 0.999996066 365.711883545
0.999975681 -0.006732691 -0.001787914 -0.440087169 0.006728376 0.999974489 -0.002408538 -5.929786682 0.001804085 0.002396449 0.999995530 367.323516846
0.999983907 -0.005608635 -0.000864645 -0.463169098 0.005605876 0.999979317 -0.003161051 -5.954178810 0.000882357 0.003156153 0.999994695 368.944915771
0.999988317 -0.004789139 -0.000612986 -0.472362459 0.004788093 0.999987125 -0.001695724 -6.003771782 0.000621099 0.001692769 0.999998391 370.546844482
0.999995112 -0.003065638 -0.000420568 -0.481933683 0.003065145 0.999994636 -0.001168183 -6.025241375 0.000424147 0.001166888 0.999999225 372.149810791
0.999994695 -0.003255552 0.000065719 -0.490847558 0.003255638 0.999993742 -0.001359007 -6.059591770 -0.000061294 0.001359213 0.999999046 373.753845215
0.999995768 -0.002908182 0.000308057 -0.508544326 0.002908947 0.999992669 -0.002513330 -6.082153320 -0.000300745 0.002514216 0.999996722 375.347839355
0.999996901 -0.002396014 0.000632866 -0.517306805 0.002397582 0.999993980 -0.002489725 -6.117528915 -0.000626896 0.002491235 0.999996662 376.941223145
0.999995112 -0.002865226 0.001218808 -0.517544568 0.002867299 0.999994457 -0.001703007 -6.159042835 -0.001213921 0.001706494 0.999997854 378.569976807
0.999998987 -0.000415933 0.001306575 -0.531097174 0.000419079 0.999997020 -0.002408788 -6.178285599 -0.001305569 0.002409333 0.999996245 380.200958252
0.999997199 0.001469949 0.001826039 -0.536795795 -0.001466312 0.999996901 -0.001991696 -6.205384254 -0.001828961 0.001989013 0.999996364 381.807708740
0.999994755 0.002387869 0.002185504 -0.553791583 -0.002382403 0.999994040 -0.002500474 -6.236069202 -0.002191463 0.002495254 0.999994457 383.451446533
